1960	1	0.0	0.4	0.0	0.0	0.0	0.0	0.1	0.0	1.2	0.1	0.0	0.0	0.0	0.4	0.0	0.0	0.0	0.0	0.0	0.0	0.0	0.0	0.0	0.0	2.2	0.1	0.1	0.0	0.0	0.0	0.0
1960	2	0.0	0.0	0.0	0.0	0.0	0.0	0.0	0.0	2.3	0.0	0.0	0.0	0.7	0.0	0.0	0.0	0.1	0.0	0.0	0.0	0.0	0.0	0.0	0.0	0.9	0.0	0.0	0.0	0.0
1960	3	0.0	0.0	0.0	0.0	2.4	0.0	0.0	0.0	0.1	0.0	1.6	2.8	0.0	0.0	0.0	0.0	0.0	0.0	0.0	56.3	0.8	0.0	0.0	0.0	5.8	0.0	0.0	0.0	9.4	33.6	0.8
1960	4	0.0	0.0	0.0	0.0	0.0	0.0	0.0	0.0	1.3	6.1	0.0	0.0	2.3	0.0	0.1	0.0	0.0	0.0	0.0	0.8	0.1	0.3	0.0	6.1	1.9	0.0	0.0	0.0	0.0	0.0
1960	5	0.1	0.0	15.5	0.8	0.0	0.0	0.0	0.0	0.0	0.0	0.0	0.0	41.3	16.4	0.1	0.0	20.6	21.3	0.0	0.0	0.0	0.0	0.0	0.0	0.0	8.1	0.0	10.9	0.3	0.0	0.0
1960	6	0.0	0.0	20.3	0.7	0.0	0.0	0.0	0.0	0.0	8.7	0.0	3.4	34.5	0.4	0.0	0.0	0.0	0.0	0.0	0.0	0.0	1.0	0.0	0.0	0.0	47.9	34.8	135.3	5.9	4.0
1960	7	56.8	0.0	41.9	0.6	0.0	16.0	88.9	0.8	0.0	0.0	0.0	0.2	0.0	7.1	0.0	0.0	0.0	0.0	0.0	0.0	0.0	0.0	0.0	1.3	52.7	32.8	1.4	0.0	2.4	10.3	0.0
1960	8	0.0	1.3	2.7	12.4	2.1	0.4	0.0	0.0	0.0	0.0	0.0	0.0	0.0	0.0	0.0	1.6	0.0	31.0	0.0	0.0	0.0	11.8	14.5	0.0	0.0	0.0	0.0	40.7	19.6	0.0	0.0
1960	9	0.0	0.0	5.7	0.0	0.0	0.0	0.0	0.0	0.0	0.0	0.0	19.6	5.2	0.0	0.0	0.0	1.5	0.0	0.0	0.0	1.4	3.3	0.0	0.0	6.3	13.1	0.0	1.1	6.3
1960	10	0.0	0.0	0.0	0.0	0.0	0.0	0.0	0.0	0.0	0.0	0.0	0.0	0.0	0.0	0.0	1.2	0.0	0.0	0.0	0.0	0.0	0.0	0.0	0.0	0.0	6.7	0.0	0.0	0.0	0.0	0.0
1960	11	5.7	0.0	0.0	0.0	0.0	0.0	0.0	0.0	0.0	0.0	0.0	0.0	0.0	0.0	0.0	0.0	0.0	0.0	0.0	0.0	22.4	24.8	7.1	8.8	3.7	0.0	3.0	0.8	0.0	0.2
1960	12	0.0	0.0	0.0	0.0	0.0	0.0	0.0	0.0	4.8	1.1	4.2	4.2	0.0	0.0	0.9	0.0	0.3	0.0	0.0	0.2	0.0	0.0	0.0	0.0	0.0	0.0	0.0	0.0	0.0	0.0	0.0
1961	1	0.0	0.0	3.7	0.0	0.0	0.0	0.0	0.0	0.0	0.0	0.0	0.1	0.2	0.0	1.4	2.5	1.6	0.0	0.0	0.5	0.0	0.0	0.0	5.7	2.3	0.0	0.0	0.0	0.0	0.0	0.0
1961	2	0.0	0.0	0.0	0.0	4.4	0.6	1.2	0.0	0.0	0.0	1.9	0.0	0.0	0.0	0.0	0.4	0.0	0.0	0.0	0.0	0.0	0.0	0.0	0.0	0.3	0.0	0.0	0.0
1961	3	4.4	15.2	6.0	0.0	0.0	0.0	0.0	0.0	0.0	0.0	0.0	0.0	0.0	0.0	0.0	0.0	0.0	4.1	0.0	0.0	0.0	0.0	0.0	0.0	0.0	2.6	8.5	0.0	0.0	0.0	0.0
1961	4	0.0	0.0	0.3	76.7	0.0	0.0	0.0	0.0	0.0	0.0	23.3	0.1	0.0	0.0	0.9	0.0	0.0	0.0	0.0	0.0	0.9	0.0	0.0	0.0	0.0	0.0	0.0	0.0	0.0	0.0
1961	5	0.0	0.0	1.3	40.1	0.0	0.0	1.2	0.0	0.0	8.0	6.9	0.4	0.0	0.0	0.0	0.0	0.0	0.1	0.0	0.0	0.0	0.0	0.0	0.0	0.0	0.0	0.0	65.6	0.0	0.0	0.0
1961	6	0.0	0.0	0.9	12.7	0.0	0.0	0.0	8.0	4.3	0.3	0.3	0.1	2.5	1.4	0.0	9.3	0.0	0.0	0.5	7.3	0.0	0.0	2.9	0.0	0.0	21.9	0.9	0.1	4.0	0.3
1961	7	4.5	11.2	65.2	0.9	0.8	55.7	1.0	4.3	1.1	0.0	0.7	11.4	0.0	59.8	8.5	0.1	0.0	0.0	0.0	0.0	0.0	0.0	0.0	2.1	0.0	0.1	2.7	37.0	0.7	0.0	0.0
1961	8	0.0	0.0	0.2	0.7	0.3	0.0	0.0	46.3	0.0	1.2	36.1	76.1	0.2	0.0	13.5	48.6	0.0	0.0	0.0	0.5	1.7	0.0	0.1	23.4	0.0	0.0	0.0	0.0	28.9	60.5	22.3
1961	9	103.1	0.0	41.3	10.1	1.4	0.0	0.0	38.7	0.0	0.0	0.0	0.0	52.5	7.1	0.0	0.0	0.0	0.0	0.0	0.0	0.3	13.0	11.8	0.0	4.9	0.0	0.0	0.0	10.3	0.6
1961	10	0.0	0.0	0.0	8.6	25.4	1.2	0.0	0.0	0.0	0.0	0.0	0.0	0.0	0.0	0.0	0.5	0.0	6.8	6.1	0.0	0.0	0.0	0.0	0.0	0.0	0.0	0.0	0.0	0.0	0.0	0.0
1961	11	0.0	0.1	1.1	0.0	0.0	0.0	0.0	1.0	0.0	0.4	0.0	0.0	0.0	0.0	0.0	0.0	17.9	7.6	0.0	0.0	16.3	0.0	0.0	0.6	0.0	0.0	8.9	3.9	0.0	0.0
1961	12	0.1	0.1	9.1	0.0	3.6	0.0	0.6	0.3	0.0	2.9	0.2	0.3	0.0	0.0	0.0	1.5	9.6	0.0	0.0	0.5	0.0	0.0	2.8	4.0	0.0	0.0	0.0	0.0	0.0	0.0	0.0
1962	1	0.1	0.0	0.0	0.0	0.0	0.0	0.0	0.0	0.0	0.0	0.0	0.0	0.0	0.0	0.0	0.0	0.4	0.4	0.0	0.0	0.0	0.0	0.0	0.0	0.0	0.0	0.0	0.0	0.3	0.0	0.0
1962	2	0.0	0.0	0.0	0.0	0.0	0.0	0.0	5.3	0.0	11.2	0.0	0.0	0.0	3.9	0.0	0.0	0.0	5.3	0.0	0.0	0.0	0.0	0.0	0.0	0.0	0.0	0.0	0.0
1962	3	3.3	0.3	0.0	0.0	0.0	0.3	0.0	0.0	0.0	0.0	0.0	0.0	0.0	5.1	0.0	0.0	1.1	0.0	0.0	0.4	0.4	0.0	0.0	0.0	7.6	0.0	0.0	0.0	0.0	0.0	0.0
1962	4	0.0	18.2	0.2	0.0	0.0	0.8	38.5	3.8	0.2	0.0	0.0	0.0	0.0	0.0	0.0	0.0	7.8	0.0	0.0	0.0	0.0	0.0	0.0	0.0	15.4	1.6	5.1	0.0	0.0	0.0
1962	5	0.0	0.0	4.2	0.0	0.0	0.0	0.0	0.0	0.0	0.0	0.0	3.4	0.0	0.0	1.9	3.0	0.0	0.0	0.0	0.0	0.0	0.0	0.0	0.0	0.0	0.0	0.0	0.0	0.0	0.0	0.0
1962	6	12.6	71.2	0.5	0.3	0.5	0.0	10.1	0.0	0.0	2.8	0.0	0.0	0.0	0.0	0.0	0.0	0.0	0.0	0.0	8.3	3.7	0.0	0.0	0.3	0.0	0.0	0.0	0.0	0.0	0.0
1962	7	0.0	0.0	0.0	0.0	0.0	0.0	0.0	0.0	21.5	3.7	4.8	0.0	0.0	0.0	0.0	0.0	7.4	3.8	49.9	22.6	5.0	0.9	20.3	0.0	0.0	0.0	0.0	1.0	33.9	1.4	3.8
1962	8	7.9	31.0	32.6	0.0	20.1	0.0	3.3	25.0	0.0	0.0	0.0	0.0	0.0	24.9	5.4	10.0	8.3	0.4	0.2	0.0	0.0	0.0	0.0	3.2	0.2	6.5	11.0	3.2	0.0	0.0	0.0
1962	9	5.7	8.8	0.0	0.0	0.0	74.7	37.4	5.4	0.0	0.0	2.3	0.0	0.0	0.0	0.0	25.0	17.8	0.0	5.4	12.2	0.0	0.0	27.5	0.0	0.0	0.0	0.4	13.8	0.0	0.0
1962	10	0.0	0.0	0.0	0.0	0.0	0.0	0.0	0.0	0.0	5.6	6.4	0.4	22.2	0.0	0.0	0.0	0.0	0.0	0.0	0.0	0.0	0.0	1.5	0.7	0.0	0.0	0.0	0.0	0.0	0.0	0.0
1962	11	0.0	0.0	12.5	1.5	0.0	0.0	0.0	1.2	1.2	1.5	2.3	0.2	0.0	5.9	0.0	0.0	0.0	0.0	11.6	10.8	0.0	0.0	0.0	0.0	0.0	0.0	3.5	0.0	0.0	0.0
1962	12	0.0	1.9	0.0	4.0	0.0	0.0	0.0	0.1	0.0	0.0	0.0	0.0	0.0	8.4	0.0	0.0	0.0	0.0	2.9	0.0	1.6	0.0	0.0	0.0	0.0	0.0	0.0	0.0	5.1	3.8	0.0
1963	1	5.1	0.0	0.0	2.8	0.0	0.0	0.0	0.0	0.0	0.0	0.0	0.0	0.0	0.0	0.0	0.0	0.0	1.0	0.0	4.2	0.0	0.0	0.0	0.0	0.0	0.0	0.0	0.0	0.0	0.2	0.0
1963	2	0.0	0.0	0.0	0.0	0.0	0.0	0.0	0.0	0.0	0.0	0.2	0.0	0.0	0.0	0.0	0.0	0.0	0.0	0.0	0.0	0.0	0.0	0.0	0.0	0.2	2.2	0.0	0.0
1963	3	0.0	2.2	0.0	0.0	0.0	0.0	0.0	0.0	0.0	0.2	0.0	0.0	0.0	0.0	0.0	0.0	0.0	0.5	0.0	0.0	0.0	0.0	3.3	0.0	0.0	0.0	0.0	51.1	0.0	0.0	0.0
1963	4	0.9	0.0	0.4	0.4	37.9	9.4	0.0	0.6	0.0	0.0	0.0	1.8	27.6	8.6	64.3	30.2	20.3	7.4	0.0	0.0	0.0	0.9	0.0	0.0	0.0	0.0	0.6	9.6	0.2	0.0
1963	5	0.0	0.0	0.0	10.3	0.0	0.0	0.2	0.1	0.0	0.0	0.0	0.0	1.6	7.9	0.0	0.0	0.0	0.0	0.0	15.8	0.1	0.0	0.0	18.5	0.0	20.7	1.1	0.0	3.6	106.8	0.0
1963	6	0.0	0.0	7.4	25.5	0.0	0.0	0.0	0.0	0.2	0.0	0.0	0.0	0.0	0.0	6.5	0.0	4.3	3.4	2.5	11.8	0.0	169.2	0.0	0.0	0.7	1.7	0.0	91.9	58.6	0.0
1963	7	0.0	0.1	0.0	27.0	0.4	0.0	45.3	0.0	0.0	0.0	0.0	30.7	37.6	0.0	0.0	0.8	174.0	1.2	0.0	8.5	47.1	0.5	34.0	26.7	12.4	0.0	0.0	35.5	30.8	0.0	1.0
1963	8	0.0	0.0	0.0	0.4	0.0	2.2	0.0	0.0	0.0	0.0	2.3	0.0	5.9	78.8	0.0	0.8	4.3	0.0	0.0	6.8	0.1	8.8	5.1	0.0	0.0	0.0	0.0	1.3	0.0	9.7	0.0
1963	9	1.3	0.0	1.3	0.0	0.0	0.0	0.0	0.0	0.0	0.0	0.0	0.0	0.0	0.0	9.4	0.0	0.0	0.0	0.0	3.3	0.0	0.0	0.0	24.0	0.0	10.4	0.0	0.0	0.0	0.4
1963	10	0.0	0.0	0.0	0.4	0.0	6.2	0.0	0.0	0.0	0.0	0.0	0.0	16.9	0.0	0.0	8.6	0.0	0.0	0.0	0.0	0.0	0.0	0.0	0.0	0.0	0.0	0.0	0.0	0.0	0.0	0.0
1963	11	0.0	0.0	0.0	0.0	0.0	7.5	2.0	0.0	0.0	0.0	0.6	0.0	0.0	0.8	0.0	0.0	0.4	0.0	0.1	0.0	0.0	7.3	0.0	1.0	5.3	0.0	1.8	0.0	0.0	0.0
1963	12	0.0	0.0	0.0	0.0	1.2	0.0	4.0	0.0	0.0	0.6	0.0	0.0	0.0	0.0	0.0	0.0	0.0	0.0	0.0	0.2	0.0	0.2	0.0	1.0	0.0	0.0	0.0	0.0	5.6	0.0	0.0
1964	1	0.0	0.0	0.0	0.0	0.0	0.0	0.0	0.3	0.0	0.0	4.2	12.6	0.1	0.0	0.0	0.0	0.0	0.0	0.0	0.0	0.0	0.0	0.0	0.0	0.0	0.0	0.0	0.0	1.7	1.2	0.2
1964	2	0.1	0.0	0.0	0.0	0.0	8.5	2.9	8.2	5.9	1.5	0.0	0.0	0.0	0.0	0.0	0.0	0.0	0.0	0.0	0.0	0.0	0.0	0.0	0.0	0.0	0.0	0.0	0.0	0.0
1964	3	0.0	0.0	0.0	0.0	0.0	0.0	0.0	0.0	0.0	0.0	0.0	0.0	0.0	0.0	17.9	0.0	0.0	0.0	13.0	0.7	0.0	0.0	0.0	0.0	0.0	0.0	0.0	2.0	0.0	2.9	0.8
1964	4	6.7	0.0	2.4	0.0	46.0	49.5	0.0	0.0	0.0	1.1	0.0	0.0	0.0	5.2	37.3	16.3	6.0	14.4	84.7	3.6	14.6	33.3	0.0	0.0	17.3	0.0	0.0	0.0	0.0	0.4
1964	5	33.2	3.2	0.0	0.0	0.0	0.0	0.0	0.0	0.0	5.0	0.0	0.0	0.0	0.0	0.0	0.0	0.5	0.0	0.0	0.0	7.1	34.3	0.0	0.0	0.0	0.0	0.0	0.0	0.0	0.0	0.0
1964	6	1.0	34.7	3.3	0.0	0.3	0.0	0.0	0.7	0.0	0.2	12.0	0.0	0.0	34.4	0.9	0.0	0.0	0.0	1.6	0.1	0.0	0.0	0.0	0.0	0.0	0.0	0.0	16.5	0.0	6.8
1964	7	86.5	46.7	16.5	0.0	27.8	0.0	15.5	18.5	0.1	0.0	14.0	56.9	3.6	89.4	0.0	0.0	41.8	20.5	0.0	0.0	0.0	0.5	27.0	0.1	0.0	0.0	0.0	0.0	6.0	33.1	0.0
1964	8	0.0	0.0	0.4	0.0	0.2	5.0	34.1	25.0	26.7	7.6	52.6	2.0	0.0	0.0	0.0	0.1	0.0	0.0	0.0	14.2	0.0	0.0	0.0	0.7	0.0	0.0	8.9	0.0	2.8	0.0	40.0
1964	9	3.2	12.5	2.2	116.6	0.0	0.0	0.0	40.6	0.2	0.0	0.0	3.1	126.0	22.2	0.0	0.0	1.5	33.6	0.8	0.0	0.0	0.0	0.0	0.0	0.0	10.0	6.4	0.0	0.0	0.0
1964	10	0.0	0.0	0.0	6.0	23.7	0.0	0.0	0.0	0.0	0.0	0.0	0.0	0.0	0.0	0.0	1.6	0.5	0.0	0.0	8.6	0.0	0.0	0.0	0.0	0.0	0.0	0.0	0.0	0.0	0.0	0.2
1964	11	3.5	0.0	0.0	0.6	1.8	0.0	0.0	0.0	0.0	1.2	17.9	0.0	0.2	0.0	0.0	0.0	0.0	0.0	0.0	0.0	0.0	0.0	0.0	0.0	0.0	0.0	0.0	0.0	0.0	0.0
1964	12	0.0	0.0	0.0	0.0	1.8	0.0	0.0	0.0	0.0	0.0	0.0	0.0	0.0	0.0	0.0	0.0	0.0	0.0	0.0	0.2	0.0	0.0	0.0	0.0	0.0	0.0	0.0	0.0	0.5	2.7	0.0
1965	1	1.2	0.0	0.1	0.0	0.0	1.6	3.8	0.0	0.0	3.8	0.0	0.0	0.0	0.0	2.1	0.0	0.0	2.4	0.0	0.0	0.0	0.0	0.0	0.0	0.0	0.4	0.0	0.0	0.0	0.0	3.7
1965	2	0.0	0.0	0.0	0.0	0.3	0.3	0.0	0.0	0.0	0.0	0.0	0.0	1.6	0.0	0.0	0.0	0.0	0.0	0.0	0.1	0.0	0.0	0.1	0.0	0.0	0.0	0.0	0.0
1965	3	0.0	0.0	0.0	0.0	0.0	0.6	0.0	0.0	0.0	0.0	0.0	0.0	0.0	0.0	10.5	3.3	0.0	0.0	0.0	0.0	0.0	0.0	0.0	0.0	0.0	0.0	0.0	0.0	0.0	0.0	2.4
1965	4	0.0	0.0	0.0	0.0	0.0	0.0	0.0	0.0	0.0	0.0	0.0	0.0	0.0	0.0	0.0	0.0	0.0	0.0	2.5	0.0	0.0	1.3	4.4	0.0	0.0	0.0	0.0	2.2	0.0	0.0
1965	5	0.0	0.1	0.0	0.0	2.6	0.0	0.0	0.0	2.2	0.0	0.0	0.0	0.0	0.0	0.0	0.0	0.0	0.0	0.0	3.8	0.0	0.0	0.0	1.8	0.2	0.0	0.9	0.0	0.0	0.0	0.0
1965	6	0.0	0.0	0.5	0.0	0.0	0.0	0.0	0.0	0.0	0.0	0.0	0.0	15.8	0.0	0.0	5.9	0.6	0.0	0.0	1.0	0.0	0.0	0.0	0.0	0.0	0.0	0.0	0.0	0.0	0.0
1965	7	0.1	0.0	0.0	18.3	0.0	0.0	9.8	0.0	13.1	91.9	16.0	0.0	15.2	59.1	32.9	108.8	22.9	0.0	0.0	144.9	16.0	1.7	0.0	0.0	0.0	41.0	1.4	4.4	34.1	0.0	0.0
1965	8	0.0	7.6	90.8	17.9	8.9	12.0	11.7	0.0	0.0	4.5	8.4	0.4	0.0	44.2	0.0	0.0	7.4	32.7	0.0	0.0	0.0	0.0	5.6	9.4	0.0	0.0	0.0	1.8	34.6	21.5	0.0
1965	9	0.0	0.0	11.9	0.0	0.0	10.6	0.0	0.0	0.0	0.0	0.0	0.0	0.0	0.0	0.0	0.1	0.0	0.0	0.0	0.0	0.0	0.0	0.0	0.0	0.0	4.4	0.0	0.0	0.0	0.0
1965	10	0.0	0.0	0.0	0.0	0.0	0.0	0.0	0.0	0.0	0.0	0.0	0.0	46.5	16.5	0.0	0.0	0.0	0.0	0.0	0.0	0.0	0.0	0.0	0.0	0.0	0.0	0.0	0.0	0.0	0.0	0.7
1965	11	6.4	5.4	0.0	7.2	1.5	0.0	15.5	22.4	7.9	0.0	0.0	0.4	10.6	0.0	0.0	0.0	0.0	0.0	0.0	0.0	0.0	0.0	0.0	0.3	0.0	0.0	2.7	1.4	2.4	0.9
1965	12	0.0	0.0	1.2	0.0	0.0	0.0	0.0	0.0	0.0	0.0	0.0	2.4	0.0	1.3	0.0	0.0	0.0	0.0	0.0	0.0	0.0	0.0	0.6	0.0	0.0	0.0	0.0	0.0	0.0	0.0	0.0
1966	1	0.0	0.0	0.0	0.0	0.0	0.0	0.0	0.0	0.0	8.6	0.0	0.0	0.0	0.5	0.0	0.0	0.0	0.0	0.0	0.0	0.0	0.0	0.0	0.0	0.0	0.0	0.0	0.6	0.0	0.0	0.0
1966	2	0.0	0.0	0.0	0.0	0.0	0.0	0.0	0.0	0.0	20.0	0.0	0.0	0.0	0.0	0.0	0.2	0.0	0.0	0.0	0.0	0.8	8.4	0.0	0.0	0.0	0.0	0.0	0.0
1966	3	0.5	3.5	0.2	23.0	0.0	22.9	3.9	0.0	0.0	0.0	0.0	0.0	0.0	0.0	6.0	0.0	1.0	23.6	0.0	0.0	0.0	3.9	0.0	2.0	0.0	0.0	0.0	0.0	0.0	0.0	0.0
1966	4	0.0	0.0	0.0	0.0	0.0	0.0	0.1	0.0	0.0	0.0	0.0	0.0	0.0	0.0	3.4	0.0	0.0	0.0	0.0	0.0	1.5	0.0	0.0	0.0	0.4	29.1	0.0	0.0	1.2	0.0
1966	5	0.0	6.4	0.0	0.0	0.0	0.0	13.4	0.0	0.0	9.2	0.0	0.0	0.0	8.1	0.0	0.0	0.0	0.0	0.0	0.0	0.0	0.0	0.0	0.0	0.0	0.0	0.0	0.0	0.0	0.0	0.0
1966	6	0.0	0.0	0.0	17.4	17.1	0.0	0.0	0.0	0.2	24.7	0.1	0.0	0.0	0.0	0.0	0.0	0.0	17.1	6.2	0.0	0.0	0.0	0.0	17.8	56.3	22.8	0.0	0.0	0.0	0.1
1966	7	0.2	0.8	0.0	0.0	0.0	0.0	35.7	0.0	1.5	0.0	6.4	0.0	0.0	10.4	226.3	1.1	140.0	9.7	41.7	8.7	34.9	0.7	112.8	69.7	113.0	70.7	0.0	3.0	0.0	0.8	9.6
1966	8	0.0	36.8	0.0	0.0	45.1	0.0	44.7	0.0	9.0	0.0	7.5	0.0	0.0	0.0	0.0	0.0	51.3	0.0	0.0	37.9	17.1	0.0	0.0	3.5	9.4	10.5	0.0	0.0	0.0	0.0	0.0
1966	9	0.6	21.7	0.0	37.9	96.6	70.3	33.4	0.8	18.5	0.6	22.4	0.0	0.0	0.0	0.0	0.0	0.0	0.0	0.0	0.0	0.0	0.0	0.0	0.0	0.0	0.0	0.0	0.0	0.0	0.0
1966	10	0.0	0.0	7.2	0.0	0.0	0.0	0.0	0.0	5.2	4.5	8.6	0.0	0.0	8.2	6.4	20.2	0.8	0.0	0.0	0.0	0.0	0.0	0.0	0.0	4.3	0.0	6.8	0.6	2.1	0.0	0.0
1966	11	0.0	0.0	0.0	0.0	0.0	5.8	0.0	0.0	0.0	0.2	0.0	0.0	11.8	0.0	0.0	3.0	0.0	0.0	1.7	6.6	0.0	0.0	0.4	50.1	0.7	0.0	0.6	0.7	0.0	0.0
1966	12	0.0	0.0	0.0	0.3	0.0	0.0	0.0	1.4	0.0	0.0	0.0	4.8	0.0	0.0	0.0	0.0	0.0	0.0	0.0	0.0	0.0	0.0	0.0	0.0	0.0	0.0	0.0	0.0	0.0	0.0	0.4
1967	1	1.5	0.0	0.0	0.0	0.0	0.0	0.0	0.0	0.0	0.0	0.0	0.2	0.0	0.0	0.0	0.0	0.0	0.0	0.0	0.0	0.0	0.0	0.0	0.0	0.0	0.0	4.9	15.3	2.8	0.0	0.0
1967	2	0.0	0.3	0.1	0.0	2.3	0.0	6.0	0.0	0.0	0.0	0.0	0.0	0.0	0.0	0.0	0.4	0.0	0.0	0.0	0.0	0.4	45.1	0.0	0.0	0.0	0.0	0.0	0.0
1967	3	0.0	0.0	49.3	2.9	0.0	0.0	0.0	0.0	0.0	0.0	0.7	0.5	0.0	0.0	0.0	0.0	0.0	0.0	0.0	0.0	0.0	5.3	0.0	0.0	0.0	24.6	1.7	0.0	0.0	3.2	0.0
1967	4	0.0	0.0	7.3	0.3	0.0	0.0	0.0	21.4	1.6	9.3	0.0	0.0	0.0	0.0	0.0	0.0	0.0	0.0	16.0	0.0	0.0	0.0	0.0	0.0	0.0	0.0	11.4	0.0	0.0	26.0
1967	5	0.0	0.0	0.0	0.0	0.0	0.0	0.0	1.4	1.0	0.0	0.0	0.0	0.0	0.0	0.0	0.0	0.0	0.0	0.0	0.0	0.0	0.0	0.8	0.0	54.4	2.0	0.0	0.0	0.0	0.0	0.0
1967	6	1.2	0.0	3.7	0.2	0.0	0.0	0.0	0.0	17.2	0.1	1.2	2.0	0.0	0.0	0.0	1.0	11.6	0.0	13.7	35.9	0.0	0.0	0.0	0.0	8.0	0.0	7.8	31.7	0.0	0.0
1967	7	20.9	17.2	0.6	0.0	0.0	0.1	0.0	0.0	0.0	0.0	0.0	40.1	0.7	30.0	0.1	0.2	0.0	0.0	5.9	96.2	22.9	4.9	25.0	0.0	0.0	0.0	17.9	0.5	0.6	0.0	0.0
1967	8	0.0	0.0	4.4	0.0	0.0	0.8	7.2	0.0	0.0	38.0	2.3	5.0	13.9	0.4	23.5	45.9	0.0	0.8	2.9	0.0	0.0	0.0	17.2	0.0	86.2	0.0	0.1	5.5	7.7	0.0	0.0
1967	9	0.0	40.4	52.9	1.9	21.2	0.0	0.1	27.0	0.0	0.2	0.5	0.0	0.0	0.0	0.0	0.0	0.0	0.0	0.0	0.0	4.6	1.5	7.8	0.0	0.0	0.0	0.0	0.0	0.0	0.0
1967	10	6.6	0.0	0.0	0.0	0.0	5.5	0.0	0.0	0.0	0.0	0.0	13.4	0.2	0.0	0.0	0.0	0.0	0.0	0.0	0.0	0.8	0.0	0.0	0.0	0.0	0.0	0.0	0.0	0.0	0.0	0.0
1967	11	0.0	0.0	0.0	0.0	1.1	0.0	0.0	5.0	0.0	0.0	0.0	1.8	0.1	2.3	0.0	0.0	0.0	0.0	3.9	5.9	0.0	0.0	0.0	0.0	0.0	0.0	22.0	9.7	0.8	0.7
1967	12	0.0	0.0	0.2	0.2	0.0	0.0	0.0	0.0	0.0	0.0	0.0	0.2	0.0	7.2	0.0	0.0	0.0	0.0	0.4	0.0	0.0	0.0	0.0	0.0	1.4	0.0	0.0	0.0	0.0	0.0	0.0
1968	1	0.0	0.5	0.0	0.0	0.0	0.0	0.0	0.0	0.0	0.0	0.0	0.7	8.1	1.8	0.0	0.0	0.0	0.0	0.0	0.0	0.0	0.0	0.0	0.2	0.0	0.0	0.0	0.0	0.0	0.0	0.0
1968	2	0.0	0.0	0.0	0.0	0.0	0.0	0.0	0.0	0.0	0.0	0.0	0.0	0.0	0.0	0.0	0.0	0.0	1.3	0.0	0.0	0.3	0.9	0.0	0.0	0.0	0.0	0.0	8.0	2.0
1968	3	0.0	0.0	0.0	0.0	12.9	0.0	5.6	0.0	0.0	0.0	0.0	0.0	0.0	0.0	6.0	0.0	0.0	0.0	0.0	0.8	0.0	0.0	0.0	0.0	0.0	0.0	0.0	0.0	30.8	0.0	0.0
1968	4	0.0	0.0	0.0	2.3	0.3	0.0	0.0	36.0	2.7	0.0	0.0	0.0	0.0	0.0	0.0	0.0	0.0	0.0	0.0	0.0	0.0	0.0	0.0	0.0	3.9	0.0	0.0	0.0	0.0	0.0
1968	5	0.0	12.7	0.0	0.0	0.0	0.0	0.0	0.0	0.0	0.0	0.0	4.0	0.0	0.0	0.0	0.0	0.4	20.4	0.0	0.0	0.0	0.0	0.0	0.0	4.5	0.4	11.0	0.0	0.0	0.0	0.0
1968	6	0.7	2.2	0.0	0.0	0.0	0.0	0.0	0.0	26.4	7.8	0.0	0.0	0.0	0.0	0.0	0.0	0.0	0.0	0.0	3.6	0.0	0.0	0.0	0.0	0.0	0.0	0.0	0.2	0.2	0.0
1968	7	0.0	0.2	46.5	91.9	0.0	0.0	16.0	10.1	0.0	0.0	8.0	0.0	0.0	4.1	27.2	43.0	44.1	21.2	51.9	42.7	0.3	0.0	0.0	0.0	0.0	0.0	5.2	0.0	0.0	0.0	0.0
1968	8	0.0	0.0	0.0	0.0	0.0	20.2	2.7	59.2	0.0	0.0	0.0	0.0	0.0	12.5	33.7	12.5	1.0	0.0	0.7	47.2	0.0	23.8	149.3	0.0	0.0	0.0	0.0	0.0	0.0	0.0	0.0
1968	9	0.0	0.0	0.0	0.0	100.0	0.1	0.1	0.0	0.0	0.0	0.0	10.1	0.0	0.0	0.0	0.0	0.0	0.0	2.0	12.8	0.0	0.0	1.2	0.0	0.0	0.0	0.0	0.0	0.0	0.0
1968	10	0.0	0.0	0.5	33.9	0.0	1.1	0.0	0.0	0.0	0.0	0.0	0.0	6.7	16.5	0.0	0.0	0.0	0.0	0.0	0.0	35.1	0.0	0.0	0.0	0.4	0.0	0.0	0.0	7.6	0.0
1968	11	0.0	0.0	0.0	0.0	2.8	0.5	0.0	3.5	0.3	0.0	0.0	0.0	1.2	0.0	2.8	2.2	0.0	0.4	2.5	0.0	0.0	0.0	0.0	0.0	0.0	27.0	10.4	0.0	0.0	0.6
1968	12	0.0	0.0	0.0	0.0	0.0	0.0	0.0	0.0	0.0	1.2	0.0	0.0	0.1	1.1	0.0	0.0	0.0	0.0	0.0	5.4	0.0	1.9	1.4	0.0	0.0	0.0	0.0	0.0	0.0	0.0	0.0
1969	1	0.0	0.0	0.0	1.4	0.0	0.0	0.0	0.0	0.0	0.0	0.0	0.0	0.1	0.0	0.0	0.0	1.3	0.0	0.0	0.0	0.0	0.0	0.3	0.0	4.3	7.9	1.2	35.3	0.6	3.2	6.6
1969	2	0.0	0.0	0.2	3.3	0.0	0.0	0.6	0.0	0.0	0.0	0.0	0.0	25.3	13.4	2.2	11.7	0.1	0.5	0.0	1.4	0.5	0.0	0.0	0.0	0.0	0.0	0.0	0.0
1969	3	0.0	0.0	0.8	1.4	0.0	0.0	0.0	0.0	0.0	0.0	0.1	0.8	0.0	0.0	0.1	7.4	0.0	0.0	0.0	3.1	0.0	0.0	0.0	0.0	0.0	0.0	0.0	0.0	0.0	0.0	0.0
1969	4	0.0	0.2	3.7	10.3	0.0	0.0	1.6	2.9	0.0	0.0	0.0	0.0	0.1	25.4	0.8	0.0	0.0	0.0	0.0	9.6	22.8	0.0	35.4	92.8	13.6	0.0	0.0	0.0	0.0	0.1
1969	5	0.0	0.0	11.7	122.3	31.7	0.0	0.0	0.0	0.0	13.4	0.4	0.0	0.0	0.0	0.0	3.3	0.6	12.3	0.0	0.0	0.0	0.0	0.0	0.0	0.0	1.1	4.6	0.2	51.4	2.2	0.0
1969	6	0.0	13.5	0.0	0.0	1.2	0.0	0.0	0.0	0.0	0.0	7.0	0.1	0.0	0.0	0.0	0.0	0.0	4.0	0.0	0.0	6.0	0.0	0.0	0.0	0.0	0.0	0.0	0.0	0.0	0.0
1969	7	0.0	0.0	0.0	0.0	0.2	0.0	0.1	9.1	0.0	0.0	0.0	35.0	20.6	0.4	37.8	21.0	6.4	23.3	62.1	0.7	1.1	12.7	0.0	0.7	0.8	22.4	0.4	0.1	6.2	84.8	0.0
1969	8	10.8	95.2	89.4	0.9	0.0	77.1	39.4	26.2	0.0	28.4	13.2	1.5	3.3	0.0	0.0	0.0	0.0	0.0	32.6	0.0	0.0	7.7	0.0	0.0	9.7	0.0	0.0	0.0	3.6	15.3	0.8
1969	9	0.0	0.0	40.3	0.1	29.2	0.0	0.0	0.0	0.0	0.0	0.0	0.0	0.0	2.1	12.5	7.1	0.0	0.0	119.8	0.0	0.2	0.0	6.4	0.9	0.0	0.0	0.0	0.0	2.4	9.0
1969	10	0.0	0.0	0.0	0.0	0.0	0.0	0.0	5.1	0.0	0.0	0.0	0.0	0.0	0.0	0.0	5.8	0.0	0.0	0.0	0.0	0.0	0.0	0.0	0.6	0.0	0.0	0.0	0.0	0.0	0.0	6.9
1969	11	0.0	0.0	0.0	0.0	0.0	0.0	0.0	0.0	4.1	0.4	0.0	2.2	0.0	7.7	5.2	0.0	0.0	0.2	1.1	2.0	0.0	0.0	1.6	0.0	0.0	0.6	2.3	0.0	1.0	0.0
1969	12	0.0	3.9	0.0	0.0	0.0	0.0	0.0	0.0	0.0	3.9	3.4	0.0	0.0	0.0	0.0	0.0	1.2	0.0	0.0	1.4	0.0	0.0	0.0	0.0	0.0	0.0	0.0	1.2	0.0	2.6	0.0
1970	1	0.0	0.0	0.0	0.0	0.1	1.6	0.0	0.3	0.0	3.2	0.2	0.5	0.0	0.0	0.0	0.0	0.0	0.0	0.0	0.0	0.0	0.0	0.0	0.0	0.0	0.0	0.0	0.0	0.0	0.0	0.0
1970	2	0.0	0.0	0.0	0.0	0.0	0.0	0.0	0.2	0.0	0.0	0.0	0.0	6.1	0.0	0.0	0.0	0.0	0.0	0.9	21.2	0.0	0.0	0.0	16.4	3.6	0.8	0.0	0.0
1970	3	1.0	0.0	0.0	0.0	0.0	0.0	0.0	0.1	4.5	0.0	0.0	0.0	0.0	0.0	0.4	0.3	0.0	6.3	0.0	0.0	0.0	0.0	0.1	0.0	0.0	0.0	0.0	0.0	0.0	0.0	0.0
1970	4	0.0	0.0	0.0	0.0	0.0	0.4	2.4	0.0	0.0	0.0	0.0	0.0	0.0	0.0	0.0	2.6	0.0	1.2	0.0	0.6	0.0	0.0	0.0	0.3	0.0	0.0	0.0	0.0	0.0	0.0
1970	5	0.0	19.0	0.0	0.0	0.0	0.0	0.0	0.0	0.0	16.9	0.0	0.0	0.0	0.0	0.0	0.0	0.0	0.0	9.0	0.1	0.0	0.0	0.0	0.0	21.7	13.5	0.0	0.0	0.0	0.0	3.8
1970	6	0.0	0.0	3.7	0.0	0.0	0.0	0.0	11.5	19.6	0.0	0.0	1.3	0.0	1.5	3.5	0.2	0.0	20.7	15.8	0.0	0.0	0.0	0.0	6.9	98.6	0.1	0.0	0.0	61.1	5.3
1970	7	0.0	0.0	27.0	70.8	6.2	20.9	0.0	0.8	14.4	0.0	1.4	0.0	0.0	0.0	10.0	82.3	48.9	26.2	0.2	1.4	0.0	6.8	0.0	0.0	0.0	0.1	4.5	13.6	26.5	0.4	63.2
1970	8	0.2	0.0	8.4	9.8	43.8	29.5	0.0	0.0	0.0	0.0	0.0	0.0	0.0	0.0	0.0	0.0	6.4	0.0	0.0	0.0	0.0	17.5	5.8	6.3	11.4	9.8	4.1	1.1	0.0	0.0	41.8
1970	9	44.0	49.4	5.7	45.5	0.0	0.0	0.0	1.5	62.9	2.3	29.0	13.8	0.0	0.0	0.4	28.0	164.8	0.0	0.0	0.0	1.0	0.0	0.0	0.0	0.0	0.0	0.0	5.2	1.5	6.2
1970	10	0.0	0.0	0.0	0.0	0.0	0.0	0.0	0.0	0.0	0.0	0.7	8.8	0.0	0.0	0.0	0.0	0.0	0.0	0.0	0.0	0.0	0.0	0.0	55.9	77.8	0.0	6.4	3.5	0.0	0.0	0.0
1970	11	0.0	0.0	9.4	0.6	0.0	0.0	0.0	0.0	0.1	20.9	0.0	0.0	11.0	0.0	0.0	0.0	0.0	0.0	0.0	0.0	0.0	0.0	0.0	0.0	0.0	0.0	0.0	0.0	0.0	0.8
1970	12	2.5	7.6	0.0	0.0	0.0	0.0	0.0	0.0	0.0	0.0	0.0	10.0	0.4	0.0	0.0	0.0	0.0	0.0	0.0	0.0	0.0	0.0	0.0	0.0	0.0	0.0	0.0	0.0	0.0	0.0	0.0
1971	1	0.0	0.0	3.0	0.0	0.0	0.0	0.0	0.0	0.0	0.0	0.0	0.0	1.2	0.0	0.0	0.0	0.0	0.0	0.0	7.8	4.5	0.0	0.0	0.0	2.4	0.0	0.0	0.0	0.0	0.4	0.0
1971	2	0.0	0.0	0.0	0.0	0.0	0.0	0.0	0.0	3.6	0.0	0.0	0.0	0.0	5.6	0.4	5.1	0.1	0.0	0.0	0.0	1.8	5.2	4.2	0.0	0.0	0.0	0.0	0.0
1971	3	0.0	31.3	0.0	0.0	0.0	0.0	0.0	0.0	0.0	0.0	0.0	0.0	0.0	0.0	0.0	1.8	0.0	0.0	0.0	0.0	0.0	0.0	0.0	2.8	0.0	4.8	0.0	1.2	0.3	0.0	0.0
1971	4	0.0	0.0	0.0	0.0	0.0	0.0	0.0	0.6	0.0	0.0	0.0	0.0	25.6	1.1	0.0	0.0	0.0	0.0	0.0	0.0	0.0	0.0	0.0	0.0	0.0	0.0	0.0	25.3	0.1	0.0
1971	5	1.4	1.2	57.4	2.2	1.1	1.1	0.9	0.0	0.0	0.0	0.0	0.0	6.9	0.0	0.0	1.5	0.0	0.0	0.0	0.0	0.0	0.0	0.0	47.3	0.0	0.0	0.2	0.0	0.1	0.0	0.3
1971	6	2.9	0.4	29.9	2.0	0.0	0.0	0.0	0.0	0.0	8.8	1.0	1.6	0.0	2.5	0.0	0.0	0.0	0.0	1.4	0.0	0.0	0.0	0.0	0.0	0.0	20.4	24.7	2.3	1.7	36.2
1971	7	31.7	44.7	2.0	0.6	0.0	5.2	42.2	5.8	0.0	38.0	0.3	0.0	0.3	0.9	16.1	3.6	188.6	0.0	0.3	1.8	69.9	3.2	0.0	0.0	2.9	23.4	0.0	1.0	5.4	26.7	15.7
1971	8	0.0	0.0	0.0	0.0	4.0	0.0	0.0	0.0	10.5	75.5	66.5	0.0	0.0	0.0	3.7	0.1	0.0	0.5	32.3	2.0	0.0	24.6	0.0	0.0	0.0	3.5	0.0	0.0	0.0	0.0	0.0
1971	9	0.0	0.0	8.7	46.3	0.0	0.0	0.0	0.0	0.0	0.0	0.0	0.0	0.0	0.0	0.0	0.0	0.0	0.0	0.0	0.0	0.0	0.0	40.0	42.6	20.8	1.4	0.0	0.0	0.0	0.0
1971	10	0.0	0.0	0.0	1.2	0.0	0.0	0.0	0.0	0.0	2.6	1.5	0.0	0.0	0.0	0.0	0.0	0.0	0.0	0.0	0.0	0.0	7.5	0.0	0.0	0.0	0.0	0.0	0.0	0.0	0.0	0.0
1971	11	0.0	0.0	0.0	0.0	3.9	0.0	0.0	0.0	0.1	0.1	0.0	0.0	0.0	0.4	0.0	0.0	0.0	0.0	0.0	0.2	8.1	0.0	0.0	2.0	0.0	2.7	2.0	0.0	0.0	0.0
1971	12	0.0	1.5	0.0	2.7	0.0	0.0	0.0	0.0	0.0	0.3	11.2	0.0	0.1	0.7	0.0	0.0	0.0	0.0	0.0	0.0	0.0	0.0	0.0	0.0	0.0	0.0	0.0	0.0	0.0	0.0	0.0
1972	1	0.0	0.0	0.0	3.7	0.0	0.0	0.0	0.0	0.0	0.0	0.0	0.1	0.0	0.0	0.0	0.0	0.0	0.0	2.3	0.1	0.2	0.0	14.6	16.4	9.6	0.0	0.0	0.0	1.1	0.0	14.5
1972	2	0.1	0.0	0.0	5.4	0.0	3.6	0.0	0.0	0.0	0.0	6.7	9.6	6.5	0.0	0.0	0.0	0.0	0.0	0.0	0.0	0.0	0.0	0.0	0.0	0.0	0.7	0.0	0.0	0.0
1972	3	0.0	0.0	0.0	0.0	0.0	0.5	0.0	0.0	0.0	0.0	0.0	0.0	0.0	0.0	0.0	16.7	0.0	0.0	4.4	14.6	0.0	0.0	12.0	0.0	0.0	0.0	0.0	0.0	20.4	0.2	8.0
1972	4	0.0	0.0	0.4	0.8	0.0	0.0	0.0	0.0	0.2	0.0	0.9	0.0	0.0	5.6	5.6	0.0	3.6	0.0	6.0	0.0	0.0	0.0	0.0	0.0	0.0	0.0	0.3	0.0	0.0	0.0
1972	5	0.0	0.0	0.0	10.4	0.0	0.0	0.0	27.0	0.0	0.0	0.0	0.0	0.0	1.0	0.0	0.0	0.0	0.0	16.1	0.0	1.2	0.0	0.0	0.0	2.9	3.2	6.9	0.0	16.6	0.0	0.0
1972	6	0.0	0.0	0.0	0.0	0.0	0.0	0.0	0.0	0.0	0.0	3.8	12.5	0.0	6.1	3.4	0.0	0.0	0.0	0.0	0.6	0.0	0.0	0.0	0.0	0.0	1.6	0.0	0.0	0.0	0.0
1972	7	0.2	0.0	42.9	12.6	1.0	3.8	26.4	62.3	0.0	0.7	0.0	0.0	0.0	0.0	0.0	16.6	0.0	0.0	0.0	0.0	0.0	0.2	0.0	0.0	64.1	0.0	0.0	0.0	0.0	0.0	0.0
1972	8	0.0	0.4	33.6	84.9	0.2	22.3	22.8	0.5	82.7	0.0	0.0	0.0	0.0	0.0	0.0	0.0	3.4	179.2	273.2	0.0	0.0	0.0	0.0	0.0	84.7	0.0	69.2	0.6	7.0	16.8	0.3
1972	9	0.0	8.6	54.5	13.1	0.0	0.2	8.1	0.0	0.0	0.0	1.8	0.0	1.6	5.3	0.0	0.0	1.6	0.0	0.3	0.0	0.0	7.0	0.0	1.4	2.6	0.4	0.0	27.1	0.0	0.0
1972	10	0.0	0.0	19.7	8.1	0.0	0.0	0.0	0.0	0.0	0.2	0.0	1.2	0.0	0.0	27.6	0.0	0.0	0.0	0.0	0.0	19.3	0.0	2.7	0.1	1.4	1.7	0.0	0.0	0.6	0.0	0.0
1972	11	0.0	0.0	9.4	0.0	23.8	20.7	0.0	0.0	1.3	3.9	0.0	1.9	10.8	10.9	5.1	9.0	3.9	0.0	0.0	10.1	0.0	0.0	3.4	0.0	0.0	4.4	0.0	2.7	3.1	1.0
1972	12	0.0	0.0	0.0	0.0	1.9	0.3	0.7	0.0	0.0	0.0	0.0	0.0	0.0	0.0	0.0	0.0	0.0	0.0	0.1	0.1	0.0	0.0	0.0	0.0	0.0	0.5	0.0	3.1	0.0	0.0	0.0
1973	1	2.9	0.0	0.0	0.0	0.0	1.2	11.2	0.0	0.0	0.0	0.0	0.0	0.0	0.0	0.0	0.9	3.9	1.9	0.0	0.0	0.0	0.0	0.3	23.1	7.1	3.9	0.0	0.0	0.5	0.0	0.0
1973	2	0.0	0.0	1.0	0.0	0.0	0.0	0.0	0.0	0.0	0.0	0.0	0.0	1.5	0.0	0.0	0.0	0.5	0.0	0.0	0.0	0.0	0.7	0.0	0.0	0.0	0.0	0.0	0.0
1973	3	0.0	0.0	0.0	3.5	0.0	0.0	0.6	0.0	0.0	0.0	0.0	0.0	0.0	0.0	0.0	2.3	0.0	0.0	0.0	3.4	0.0	0.0	0.0	0.0	0.0	0.0	3.1	0.1	0.7	0.0	0.0
1973	4	0.3	0.0	0.0	0.0	0.0	0.0	24.5	3.1	0.0	0.4	23.6	0.0	0.0	0.0	9.0	6.5	0.1	0.0	0.0	0.0	0.0	0.0	30.6	34.9	0.0	0.0	0.0	0.0	0.0	0.0
1973	5	38.8	3.9	0.0	0.0	0.0	0.0	28.0	3.2	0.0	0.0	0.0	0.0	0.0	0.0	0.4	4.7	0.9	2.5	0.0	0.0	0.0	0.0	0.0	0.0	0.0	0.0	0.0	0.0	0.1	0.0	0.0
1973	6	0.0	0.0	0.0	6.8	0.0	0.0	0.0	0.1	0.0	0.0	0.0	0.0	1.4	27.3	0.0	0.0	0.0	0.0	0.1	0.0	0.0	0.3	0.0	0.0	0.0	8.2	35.9	6.1	7.4	14.3
1973	7	0.0	0.2	12.6	7.3	0.0	0.0	0.0	0.0	0.0	0.0	0.0	0.0	0.0	47.7	0.3	0.0	0.0	0.0	21.3	0.2	42.1	12.7	0.0	0.0	0.0	0.0	0.1	0.0	0.0	46.8	0.0
1973	8	8.1	0.3	0.0	14.6	0.9	0.0	0.0	0.0	0.0	0.0	0.0	0.0	0.0	0.0	0.0	0.0	61.2	1.5	0.0	27.5	0.0	10.4	29.5	0.1	0.0	0.0	0.0	2.1	23.7	0.0	8.5
1973	9	27.1	0.0	0.0	1.4	0.0	0.0	0.0	0.0	11.3	18.6	0.0	0.0	0.0	0.0	0.0	0.0	0.0	0.2	0.2	5.2	0.0	0.0	0.0	0.0	16.8	6.2	0.0	0.0	1.1	0.0
1973	10	0.0	0.1	4.7	0.0	1.2	0.0	1.2	0.0	0.0	0.0	0.0	0.0	0.7	0.0	0.0	0.4	0.0	0.0	0.0	0.2	6.0	0.0	0.0	1.2	0.0	0.0	3.2	7.6	0.0	0.0	0.0
1973	11	0.1	0.0	0.0	0.0	0.0	0.0	0.0	0.0	2.4	1.5	0.0	0.0	0.0	2.9	2.2	2.2	5.0	3.1	0.0	2.5	0.0	0.0	0.0	0.3	0.0	0.0	2.5	0.0	0.0	0.0
1973	12	0.0	1.3	0.0	0.0	1.0	0.0	0.0	0.0	0.0	0.0	0.0	1.1	0.0	0.0	0.3	0.0	0.0	2.3	0.0	0.0	0.6	3.7	0.0	0.0	0.0	0.0	0.2	0.0	0.8	0.1	0.0
1974	1	0.0	0.0	0.0	0.0	0.0	0.0	0.0	0.0	0.0	0.0	0.0	0.0	0.0	0.0	0.0	0.0	0.0	0.0	0.0	1.1	12.1	0.0	0.0	0.0	0.0	0.0	1.9	0.0	0.0	0.0	0.0
1974	2	0.0	0.0	0.0	0.0	0.0	0.0	2.6	2.1	0.0	1.7	0.0	6.0	0.0	0.0	5.3	0.0	0.0	0.0	4.7	0.0	0.0	1.4	0.0	0.0	0.0	0.0	0.0	0.0
1974	3	0.0	0.0	0.0	0.0	3.8	14.2	0.0	0.0	1.9	0.0	2.2	0.0	0.0	0.0	0.0	0.0	0.0	0.8	0.0	0.7	1.8	0.0	0.0	0.0	0.0	0.0	0.0	0.0	0.0	0.0	2.3
1974	4	0.0	0.0	0.0	6.8	0.0	5.2	40.0	0.0	0.0	0.0	0.1	0.0	35.3	0.2	0.0	0.0	1.2	0.0	0.0	9.3	20.1	1.6	0.0	1.3	1.5	2.0	0.0	20.2	0.0	0.0
1974	5	0.0	0.0	0.0	0.0	0.0	0.0	0.0	62.4	0.0	0.0	0.0	0.0	25.0	50.9	0.0	0.0	0.0	2.1	56.9	10.6	0.0	0.0	0.0	0.0	15.6	0.0	0.0	0.0	0.0	0.0	16.3
1974	6	2.7	12.2	12.3	0.0	0.0	0.0	0.0	0.0	0.0	28.3	0.0	0.0	0.0	0.0	0.0	0.0	0.0	5.2	0.0	1.0	0.0	0.0	0.0	0.0	0.0	0.0	2.6	0.0	0.0	0.0
1974	7	0.0	0.4	6.5	6.0	0.2	0.0	0.0	50.1	67.3	0.9	0.0	1.0	0.4	1.8	0.6	0.8	0.0	0.0	0.0	6.2	1.0	0.0	0.0	0.0	0.0	3.3	0.0	15.8	78.5	4.6	11.5
1974	8	6.1	36.7	84.3	1.7	1.8	13.3	0.0	0.0	0.0	0.0	0.0	0.0	0.0	0.3	37.2	1.4	0.0	0.0	0.0	0.0	0.0	0.0	24.2	0.0	0.0	0.0	0.0	0.4	9.4	78.1	24.1
1974	9	1.2	8.6	0.0	0.0	0.0	0.0	2.2	0.0	0.0	0.0	0.0	0.0	0.1	51.8	0.0	0.0	0.0	0.0	0.0	0.0	0.0	0.0	0.0	0.0	0.0	0.0	0.0	21.0	0.0	11.4
1974	10	5.7	0.7	0.5	0.0	0.0	0.0	1.3	0.5	0.0	0.0	0.0	0.0	0.0	0.0	0.0	0.0	0.1	21.8	0.0	3.0	0.0	2.4	0.0	0.0	0.0	0.0	0.0	0.0	0.0	0.2	0.0
1974	11	0.0	0.0	0.0	0.0	0.0	0.0	0.0	0.0	0.0	0.0	0.0	0.0	0.0	0.0	0.0	0.0	1.9	0.0	0.0	7.0	0.0	0.0	1.7	0.0	0.0	0.0	0.0	0.0	0.0	0.0
1974	12	1.4	10.5	0.2	0.0	0.9	0.0	0.0	0.0	0.0	1.4	0.0	0.0	0.0	0.0	0.0	0.0	0.9	0.4	0.0	0.0	0.0	0.0	0.0	0.3	0.0	0.0	0.0	0.0	0.0	0.2	0.0
1975	1	0.0	0.4	0.0	0.0	0.0	0.0	0.0	0.0	0.0	0.0	0.0	0.0	0.0	0.0	0.0	0.0	0.0	0.0	0.0	0.0	2.5	4.0	0.0	9.0	0.0	0.0	1.3	0.0	0.2	0.0	0.0
1975	2	0.0	0.0	0.0	2.8	0.0	0.2	0.0	0.0	0.0	0.0	0.2	0.0	0.0	0.0	0.0	0.0	0.0	0.0	0.0	0.6	0.0	0.0	0.0	0.0	0.0	0.0	0.0	2.6
1975	3	0.0	0.0	0.0	0.0	14.5	1.1	0.0	0.0	12.9	1.4	0.7	0.0	0.0	0.0	0.0	0.0	0.0	0.0	3.0	6.3	0.0	0.0	0.0	0.0	0.0	0.0	0.0	0.0	24.3	0.0	0.0
1975	4	0.0	0.0	0.0	0.0	33.7	0.0	1.0	9.9	0.0	0.0	0.0	0.0	0.0	0.0	0.0	0.0	0.0	0.0	0.0	4.9	2.1	0.0	0.0	0.0	0.0	50.1	0.4	0.9	0.0	0.0
1975	5	0.0	10.6	7.8	2.2	1.6	0.0	0.0	4.7	2.0	0.0	0.0	0.0	14.5	0.0	0.0	0.0	0.0	0.0	6.9	0.0	0.0	0.0	0.0	0.0	8.4	0.0	0.0	0.0	0.0	24.9	0.1
1975	6	0.0	6.7	0.0	1.2	1.5	0.0	0.5	17.0	0.0	0.1	0.0	0.0	0.0	0.0	0.0	0.0	7.6	0.0	0.0	0.0	0.0	0.0	6.1	6.9	2.0	0.1	0.8	0.0	0.0	0.0
1975	7	0.0	0.0	0.0	0.0	0.0	39.5	8.0	0.0	0.0	47.5	1.4	0.0	0.0	0.4	43.7	25.9	0.0	0.0	0.0	0.0	2.8	0.0	0.0	1.5	130.5	0.7	23.4	45.2	4.8	0.0	9.2
1975	8	28.2	37.8	0.0	0.0	0.0	22.5	0.0	0.0	0.0	0.0	0.0	0.0	0.0	5.0	0.3	0.0	0.0	0.0	0.0	0.0	0.0	0.0	0.0	0.0	0.0	0.0	0.0	0.0	0.0	1.6	0.8
1975	9	49.6	32.6	5.1	0.0	0.0	0.4	21.0	0.0	0.0	0.1	23.8	0.0	0.0	5.2	8.2	0.0	0.3	7.6	0.0	27.4	0.0	0.0	0.0	0.0	0.0	0.0	0.0	0.0	0.0	0.0
1975	10	0.1	2.9	1.4	2.8	0.0	0.0	0.2	0.0	0.0	6.4	6.8	0.0	0.0	0.0	0.0	0.0	0.0	0.0	0.0	0.0	0.0	0.0	0.0	0.0	0.0	0.0	0.4	0.0	0.0	0.0	0.0
1975	11	0.0	0.0	0.0	0.0	0.0	2.6	0.0	0.0	0.0	0.0	0.0	0.3	0.4	5.1	10.0	0.1	0.0	0.0	0.0	0.6	7.4	0.0	0.0	0.0	0.0	7.7	0.1	2.0	0.0	0.0
1975	12	0.0	0.0	0.0	16.8	0.0	0.0	0.0	0.0	0.0	0.0	0.0	0.0	0.0	0.0	0.0	0.0	0.0	0.0	1.6	1.7	2.8	0.0	0.0	0.0	0.0	0.0	0.0	0.0	0.0	0.0	0.0
1976	1	0.0	0.0	0.0	0.7	0.1	0.0	2.0	0.0	0.0	0.0	0.3	0.0	0.0	0.0	0.0	0.5	0.0	0.0	0.0	0.0	0.0	0.1	0.0	0.0	0.0	0.0	0.0	0.0	0.3	0.0	0.0
1976	2	0.0	0.0	0.0	0.0	2.8	0.0	0.0	0.1	0.0	0.1	0.0	0.4	16.4	0.0	29.5	26.0	0.5	8.2	0.0	0.0	0.0	0.0	0.0	0.0	0.0	0.0	2.6	21.5	0.2
1976	3	0.0	0.5	0.0	0.0	0.0	0.0	0.0	0.0	0.0	0.1	0.8	0.0	0.0	0.0	0.0	1.0	0.4	0.0	0.0	0.0	0.0	4.0	0.0	0.0	0.0	0.0	0.0	0.0	0.0	0.0	0.0
1976	4	0.0	0.0	0.0	0.0	0.0	0.0	0.0	0.0	0.0	0.0	0.0	0.0	26.9	0.0	0.0	0.1	0.0	0.0	0.0	2.1	0.0	1.7	4.8	0.0	0.0	0.0	0.0	0.0	0.0	22.8
1976	5	0.4	0.0	0.5	0.0	2.9	0.0	0.0	0.0	0.0	0.0	17.1	0.0	0.0	0.0	0.3	12.3	0.0	7.2	0.0	0.0	0.0	0.0	0.0	0.0	0.0	0.0	0.0	0.0	0.0	0.0	0.8
1976	6	8.2	0.0	0.0	0.0	0.0	0.0	3.4	4.1	0.0	1.4	0.0	20.8	0.0	0.0	0.0	0.0	0.0	0.0	0.0	0.0	10.5	0.8	0.0	0.0	0.0	0.0	0.0	0.0	0.0	0.0
1976	7	3.9	20.2	18.5	0.5	0.0	0.0	0.0	0.0	37.7	0.4	0.0	6.6	5.5	0.0	11.0	46.7	0.0	0.0	0.0	0.0	0.0	1.5	0.0	0.0	0.0	0.0	0.0	24.2	0.0	0.0	0.0
1976	8	0.0	68.0	29.5	0.0	10.0	0.0	0.0	0.4	9.1	0.0	0.0	77.4	96.2	57.6	2.6	15.0	0.0	0.5	2.2	0.0	0.0	3.5	3.6	0.4	10.5	1.8	61.4	0.0	12.4	0.2	0.0
1976	9	0.0	0.0	0.4	0.0	0.0	2.8	0.8	49.7	0.0	0.0	0.0	0.0	11.3	0.0	0.0	0.0	0.0	0.0	0.9	3.1	0.0	0.0	0.0	0.0	0.0	0.0	0.0	0.4	9.3	0.0
1976	10	0.0	7.5	0.5	0.0	0.0	0.0	0.0	0.7	0.0	0.0	0.0	18.8	0.0	0.0	0.0	0.0	0.0	0.0	0.0	2.4	0.0	0.0	0.0	0.0	0.0	0.0	7.2	7.8	0.0	15.8	0.0
1976	11	0.0	0.0	4.0	5.0	0.0	0.0	0.0	0.0	0.0	0.0	0.0	0.0	7.9	0.0	0.0	0.0	0.4	0.0	0.0	1.5	0.0	3.5	0.0	1.8	5.0	0.0	0.0	1.6	0.0	0.0
1976	12	0.0	0.0	0.0	0.0	0.0	0.0	8.9	0.2	0.5	0.2	0.0	0.0	0.0	0.0	0.0	16.2	0.0	0.0	0.9	3.5	0.0	0.6	0.0	0.0	0.0	0.0	0.0	0.0	0.0	1.2	0.0
1977	1	0.0	0.0	0.0	0.0	0.0	0.0	0.0	0.0	0.0	0.8	1.0	0.0	0.0	0.0	0.0	0.0	0.0	0.0	0.0	0.0	0.0	0.0	0.0	0.0	0.4	0.0	0.0	0.0	0.0	0.0	0.0
1977	2	0.0	0.0	0.0	0.0	0.0	0.0	0.0	0.0	0.0	0.0	0.0	0.0	0.0	0.0	0.0	0.0	0.0	0.0	0.0	0.0	0.2	0.0	0.0	0.0	0.0	0.0	0.0	0.0
1977	3	0.5	1.4	0.0	0.0	0.0	0.0	0.0	0.0	0.0	0.0	0.0	0.0	0.0	0.0	0.0	0.0	0.0	0.0	0.0	0.0	0.0	0.0	0.8	0.0	0.0	33.8	0.0	0.0	0.0	0.0	0.0
1977	4	0.0	0.0	0.0	0.0	0.0	24.8	0.0	0.0	0.4	0.0	0.0	0.0	0.0	0.0	79.9	4.3	5.9	0.4	3.1	0.0	0.0	0.0	0.0	84.5	16.3	0.0	5.5	3.7	0.0	0.0
1977	5	14.3	0.0	0.0	0.0	0.0	0.3	0.0	0.0	0.0	0.0	0.0	0.0	0.0	45.6	0.0	0.0	0.0	0.0	0.0	0.0	2.0	0.0	0.0	0.0	0.0	0.0	0.0	0.0	0.0	0.0	1.5
1977	6	40.0	2.9	0.1	0.0	0.0	0.0	0.5	0.0	0.0	1.2	0.0	0.0	0.0	0.0	0.0	0.0	0.0	0.0	0.0	0.0	0.0	0.0	0.0	0.4	0.0	0.0	0.0	0.0	0.5	0.8
1977	7	3.6	0.0	41.4	81.4	0.0	0.9	6.7	155.8	56.7	0.5	0.0	50.7	1.4	0.0	0.0	0.0	0.0	0.0	0.0	0.0	0.0	0.0	0.0	0.0	5.3	1.0	0.0	0.0	0.0	0.0	0.0
1977	8	0.0	0.6	0.0	18.7	0.0	13.3	46.9	0.4	0.0	0.0	0.0	0.0	0.0	0.0	0.0	0.4	0.0	0.0	0.0	0.0	0.0	0.0	0.0	0.0	0.0	0.0	0.0	0.0	0.0	0.0	20.7
1977	9	28.1	4.7	0.2	0.0	0.0	6.2	0.0	0.0	0.0	0.0	51.5	5.5	0.0	0.0	0.0	0.0	0.0	0.0	0.0	0.0	0.0	0.0	0.0	0.0	0.0	0.0	0.0	0.0	0.0	0.0
1977	10	2.5	0.0	0.0	0.0	0.0	0.0	0.0	0.0	0.0	0.0	0.0	0.0	0.0	0.0	0.0	0.0	0.0	0.0	0.0	0.0	0.0	0.0	0.0	0.0	0.0	0.0	0.0	0.0	0.3	12.8	0.1
1977	11	0.0	0.0	0.0	0.0	0.3	11.3	4.8	24.0	0.0	0.0	0.0	0.0	3.4	0.0	0.0	0.7	3.5	16.0	0.1	5.2	7.4	0.0	0.0	16.6	0.6	0.0	0.0	0.3	1.8	0.0
1977	12	10.2	0.4	0.0	0.9	1.6	0.0	0.0	0.0	0.0	0.0	0.0	0.0	0.0	0.0	0.0	17.0	0.0	0.0	0.0	0.1	0.0	0.0	0.0	0.2	0.0	0.0	0.0	0.0	14.2	1.8	9.0
1978	1	0.0	0.6	0.0	0.0	4.1	0.0	0.0	1.4	0.0	0.0	0.0	0.0	0.0	0.0	0.0	0.0	0.0	1.6	0.0	3.0	0.0	0.0	0.0	0.0	0.0	0.8	0.0	0.0	0.0	0.0	0.1
1978	2	0.0	0.0	0.0	0.0	0.0	0.0	0.0	0.0	4.6	1.2	0.0	0.0	0.0	0.0	0.0	0.0	0.0	0.0	0.1	0.0	0.0	0.0	0.0	0.0	0.0	0.0	5.4	2.3
1978	3	0.0	0.2	8.3	0.0	0.0	0.0	0.0	0.0	33.7	1.8	0.0	0.0	0.0	0.0	0.0	0.0	0.0	0.0	0.0	0.0	0.0	8.2	0.0	0.0	0.0	0.0	0.0	0.0	0.0	0.0	0.0
1978	4	0.0	1.8	0.0	0.0	1.7	0.0	0.0	0.0	0.0	0.0	0.7	0.3	0.0	0.0	4.8	0.7	0.0	0.0	2.8	0.0	0.0	0.0	0.0	0.0	0.0	0.0	0.0	0.0	0.0	0.2
1978	5	0.0	0.0	0.0	0.0	0.0	0.0	0.0	0.0	0.0	0.0	0.0	0.0	0.0	0.0	0.0	0.0	0.0	18.8	6.5	0.0	0.0	0.0	0.0	0.0	0.0	0.0	0.0	0.0	0.1	0.0	0.0
1978	6	0.0	0.0	0.9	0.0	8.2	0.0	0.0	0.0	19.7	5.7	0.0	0.0	0.0	0.0	1.3	0.0	0.0	5.2	0.0	0.0	1.0	0.0	0.0	0.0	194.6	56.9	8.1	0.0	42.0	31.1
1978	7	6.2	27.9	0.1	0.4	7.8	10.6	55.9	0.0	21.2	10.4	8.6	38.3	1.6	9.8	23.9	12.8	0.0	0.0	3.6	0.7	0.0	0.0	0.0	0.0	0.0	0.0	0.0	0.0	0.0	2.4	0.0
1978	8	0.0	0.9	0.0	0.0	0.0	0.0	0.0	5.2	4.2	0.2	7.3	3.5	29.0	5.5	42.5	45.2	6.9	30.8	73.4	14.5	0.0	0.0	0.0	0.0	0.8	0.3	0.0	0.0	0.2	0.3	0.0
1978	9	0.0	4.3	35.7	0.2	0.5	0.0	4.7	3.8	14.5	0.0	0.0	0.0	0.0	0.0	0.0	0.0	0.0	17.2	0.0	0.0	0.0	0.0	0.0	0.0	0.0	0.0	0.0	0.0	0.0	0.0
1978	10	0.0	0.0	0.0	8.7	0.0	0.0	0.0	0.0	2.5	0.0	0.0	0.0	0.0	0.0	0.0	0.0	0.0	0.0	0.0	0.0	0.0	0.0	0.0	1.7	0.0	0.0	16.5	8.6	2.0	0.0	0.0
1978	11	0.0	0.0	0.0	0.0	0.0	0.0	0.0	0.0	0.0	0.0	0.0	0.5	0.2	0.0	0.0	0.0	0.0	3.0	0.0	0.0	0.0	0.0	0.0	0.0	0.0	3.8	0.0	0.0	0.0	0.0
1978	12	8.2	3.5	0.0	7.8	0.0	0.3	0.9	0.9	0.0	0.0	0.0	0.0	0.0	2.0	0.0	0.0	0.0	0.0	0.0	0.0	0.0	0.0	0.0	0.0	0.0	0.0	5.5	0.0	0.0	0.0	0.0
1979	1	0.0	0.0	0.6	0.0	0.0	0.7	0.0	0.0	0.0	0.0	0.1	0.0	0.0	0.0	0.0	0.0	0.0	0.0	0.0	0.9	0.0	0.0	0.0	0.0	0.0	0.0	0.0	0.0	1.5	0.2	15.6
1979	2	0.0	0.0	3.1	0.0	0.3	0.1	0.3	0.0	0.0	0.0	0.0	0.0	0.0	0.0	0.0	3.5	0.7	0.0	0.0	0.0	0.0	0.4	20.4	3.8	0.0	0.0	0.0	0.0
1979	3	0.0	0.0	0.0	0.0	0.0	0.2	0.0	0.0	0.0	0.0	0.0	0.7	0.0	0.0	0.0	0.0	0.0	0.0	0.0	0.0	0.0	0.0	10.4	6.5	0.0	0.0	0.0	0.0	4.7	37.8	0.0
1979	4	0.0	2.5	0.0	0.0	0.0	0.0	37.3	12.5	0.0	0.0	0.0	0.0	19.6	0.0	0.0	5.8	0.0	0.0	0.0	0.0	0.0	0.0	28.3	27.3	0.0	0.3	0.0	0.3	4.4	0.3
1979	5	0.0	0.0	0.0	0.0	0.0	27.5	16.4	0.0	0.0	0.0	0.0	0.0	0.0	0.0	0.5	0.3	0.0	0.1	0.0	0.0	0.0	0.0	0.0	12.6	57.7	0.9	0.0	0.0	0.0	0.0	0.0
1979	6	0.0	0.6	17.8	0.0	0.5	32.4	7.2	0.2	0.5	0.0	0.0	0.0	0.0	0.0	0.0	0.0	1.0	0.7	9.8	74.3	9.9	28.2	0.0	52.5	49.8	16.5	19.9	0.0	27.5	5.1
1979	7	0.0	0.0	0.0	0.0	0.0	0.0	0.0	0.0	0.0	47.0	4.5	0.0	58.4	1.8	3.5	0.0	0.0	0.0	0.0	0.0	0.0	46.3	0.0	0.0	24.6	0.0	5.6	1.6	0.3	3.4	7.3
1979	8	1.5	92.0	15.6	20.0	0.0	31.6	0.0	0.0	0.0	0.0	0.0	0.0	0.0	10.2	0.7	1.3	58.9	0.0	0.0	0.0	0.0	0.0	6.0	0.0	0.0	0.0	0.0	0.0	0.0	0.0	0.0
1979	9	1.2	0.0	0.0	0.0	0.0	8.3	0.0	0.0	2.2	0.0	0.0	0.0	5.6	6.6	0.0	0.0	3.9	0.0	0.0	0.0	2.0	14.1	0.0	2.9	0.0	0.0	0.0	0.0	0.0	0.0
1979	10	0.0	0.0	2.0	0.0	0.0	0.0	0.0	0.0	0.0	0.0	0.8	0.0	0.0	0.0	0.0	0.0	0.0	0.0	0.0	0.0	0.0	0.0	0.0	0.0	0.7	0.0	0.0	0.0	0.0	0.0	0.0
1979	11	0.0	0.0	0.0	13.4	0.2	0.0	0.0	0.0	0.0	0.0	0.0	0.0	0.0	0.0	0.0	0.0	0.0	0.0	0.0	0.0	6.7	2.5	0.0	0.0	3.3	0.1	0.0	3.8	0.0	0.0
1979	12	0.2	0.0	0.0	2.6	2.3	0.0	0.0	0.0	0.0	0.0	0.0	0.0	0.0	0.0	0.0	0.0	0.0	0.0	16.4	0.0	2.1	0.0	0.0	0.0	0.0	9.1	0.0	0.0	1.3	1.5	0.0
1980	1	0.0	9.9	0.0	0.0	0.6	3.1	0.0	2.7	4.1	0.0	0.0	1.0	0.0	0.0	0.5	0.0	0.0	0.0	0.4	0.0	0.0	0.0	0.0	0.0	0.0	0.0	0.2	0.0	5.2	0.3	0.0
1980	2	0.0	1.9	0.6	0.0	0.0	0.0	0.0	0.0	0.0	0.1	0.0	0.0	0.0	0.0	0.0	0.0	0.0	0.3	0.0	0.0	0.0	0.0	0.0	0.1	0.0	1.2	0.0	0.0	0.8
1980	3	0.2	0.0	0.0	0.0	0.0	0.0	0.0	0.0	17.1	0.0	0.0	0.0	0.0	0.0	0.0	0.0	0.0	0.0	0.0	0.0	0.0	12.9	0.7	0.0	0.0	0.0	0.0	0.0	0.0	0.0	1.9
1980	4	0.0	0.0	0.0	0.0	104.2	18.2	0.0	0.0	0.0	0.0	0.0	19.0	3.9	1.7	0.0	8.2	0.2	0.0	42.1	0.0	0.0	0.0	0.0	0.0	0.0	0.0	19.2	0.0	0.0	0.0
1980	5	0.0	0.0	1.5	2.7	0.0	0.0	0.0	0.0	0.0	0.0	0.0	25.8	1.2	12.9	0.0	0.0	0.0	0.0	0.0	0.0	0.0	0.0	0.0	0.0	43.4	2.8	0.0	0.0	0.0	0.0	0.0
1980	6	0.3	3.2	0.0	2.6	0.0	0.0	0.4	11.4	0.2	0.0	0.0	0.0	0.0	0.0	0.0	19.3	4.6	0.0	12.9	0.0	0.0	0.0	0.0	0.0	24.7	14.1	1.9	0.0	0.0	23.2
1980	7	9.4	0.0	0.0	0.3	1.8	0.0	0.0	0.0	0.0	0.0	2.4	0.0	38.3	75.4	0.3	0.0	3.2	2.4	1.8	88.5	13.4	7.5	2.0	0.0	0.8	0.1	0.3	11.3	0.0	0.0	0.0
1980	8	0.0	0.0	0.0	0.0	0.0	0.0	0.7	1.9	0.0	29.9	4.3	0.0	131.0	1.7	5.4	3.3	105.9	0.7	0.0	0.7	0.1	0.0	0.0	0.0	31.0	12.5	0.2	0.0	0.3	0.0	1.9
1980	9	0.0	2.1	0.0	0.0	52.9	0.0	0.0	0.0	0.0	3.1	0.0	0.0	0.0	0.0	0.0	0.0	0.0	0.0	0.0	0.0	0.0	0.0	0.0	0.0	0.0	0.0	0.0	0.2	0.0	0.0
1980	10	0.0	0.0	0.0	0.0	13.4	0.5	0.0	6.5	0.0	7.0	0.0	0.0	0.0	0.0	0.0	0.0	0.0	0.0	0.0	0.0	0.0	0.0	0.0	0.0	16.3	0.0	0.0	0.0	0.0	1.2	0.0
1980	11	0.6	0.0	0.0	0.2	0.0	0.0	0.0	0.0	0.0	0.0	0.0	1.3	0.0	0.0	0.0	0.0	0.0	0.0	0.0	0.0	1.3	0.0	0.0	7.2	0.0	0.0	0.0	0.0	0.0	0.0
1980	12	0.0	2.8	17.1	0.0	1.3	0.0	0.0	0.0	0.0	1.6	12.7	0.0	0.0	1.4	0.0	0.0	0.0	0.0	0.0	0.0	0.0	3.9	4.3	0.0	1.2	0.0	0.0	0.0	0.0	0.0	0.0
1981	1	12.5	0.1	0.0	0.0	0.0	0.0	0.0	0.0	0.0	0.0	0.0	0.0	0.0	0.0	5.4	0.0	0.0	0.0	0.0	0.0	0.0	0.0	0.5	2.5	0.0	0.0	0.0	0.0	0.0	0.0	0.0
1981	2	0.0	0.0	0.0	0.0	0.0	0.0	0.0	6.7	0.0	0.2	0.0	0.0	0.0	0.0	0.0	0.0	0.0	0.0	0.0	2.5	0.0	0.0	0.4	2.2	0.0	0.0	0.0	0.0
1981	3	0.0	0.0	0.0	0.0	0.0	0.0	0.0	0.0	0.7	0.0	0.0	0.0	0.6	14.6	0.0	0.0	0.0	0.0	0.0	0.0	0.0	0.0	0.0	27.4	11.9	0.2	0.0	0.0	0.0	0.0	0.0
1981	4	0.5	0.0	0.0	0.0	1.5	0.0	0.0	0.0	1.8	2.4	0.0	0.0	0.0	0.0	0.0	9.2	0.0	0.0	11.5	0.0	0.0	0.0	0.0	0.7	0.0	0.0	0.0	0.0	27.8	0.0
1981	5	0.0	2.6	0.0	0.0	0.0	0.0	0.0	0.0	13.4	38.2	2.9	0.0	0.0	0.0	0.2	13.5	0.0	0.1	0.1	0.0	0.0	0.0	0.0	0.0	0.0	0.0	0.0	8.0	0.0	0.6	1.2
1981	6	0.0	0.0	0.0	0.0	0.0	0.1	0.0	0.0	0.4	7.5	2.0	0.0	0.0	0.0	0.0	0.0	0.0	0.0	3.6	0.2	41.2	49.0	0.0	0.0	0.0	0.0	0.8	0.0	0.0	4.3
1981	7	137.0	29.7	8.1	5.4	42.3	41.5	0.0	4.0	17.0	0.0	21.2	82.5	1.0	0.0	0.0	0.0	3.2	0.0	0.0	0.0	0.0	0.0	0.0	0.0	0.0	35.3	13.0	11.8	10.8	0.0	0.0
1981	8	0.4	0.2	5.2	0.2	0.0	0.0	17.9	10.4	0.1	0.0	0.0	0.0	0.0	0.0	0.0	0.0	23.8	2.9	0.0	22.7	0.0	0.0	0.0	0.0	45.0	0.4	0.0	0.0	0.0	0.7	63.0
1981	9	64.4	6.8	13.6	0.0	0.0	0.0	0.0	5.3	2.7	0.0	0.0	0.0	0.0	0.0	0.0	0.0	0.0	0.0	0.0	0.0	0.0	0.0	0.0	36.2	0.0	0.0	0.0	0.0	0.0	0.0
1981	10	0.0	0.0	0.0	4.0	4.6	0.0	0.0	0.4	0.0	0.0	0.0	0.0	0.0	0.0	0.0	0.0	2.2	8.9	0.0	0.0	0.4	3.6	0.0	0.0	0.0	0.0	0.0	9.4	0.0	0.0	0.6
1981	11	0.0	16.8	9.2	0.0	0.0	0.0	0.0	0.0	0.0	4.6	0.0	0.0	0.0	0.0	11.7	0.9	0.0	0.0	0.0	2.2	0.0	0.0	0.0	0.0	0.0	0.0	0.0	0.0	0.0	1.3
1981	12	0.0	0.0	0.0	3.6	0.0	0.0	0.0	0.0	0.0	0.0	0.0	0.0	0.0	0.0	0.0	0.0	0.0	0.0	10.0	0.0	0.0	0.0	0.0	0.0	0.0	0.0	0.0	0.0	2.0	0.0	0.4
1982	1	0.0	0.0	12.2	11.8	0.0	0.9	0.0	0.7	0.0	0.0	0.0	0.0	0.0	0.0	0.0	0.0	0.0	0.4	0.0	0.0	0.0	0.0	0.0	0.0	0.0	0.0	0.0	0.0	0.0	0.0	0.0
1982	2	0.0	0.0	0.0	0.0	0.0	0.0	0.0	0.0	0.3	0.0	0.0	0.0	0.0	0.0	0.0	0.0	0.0	0.0	2.6	0.0	0.0	0.0	0.0	0.0	0.0	0.0	0.0	0.0
1982	3	0.0	0.0	0.0	16.7	0.8	0.0	0.0	0.0	0.0	0.0	0.0	0.0	0.0	0.1	10.1	2.1	1.9	0.0	0.0	0.0	0.0	0.0	0.0	0.0	0.0	0.0	0.0	0.0	0.0	14.3	0.0
1982	4	0.0	7.6	0.0	0.0	0.0	0.0	0.0	0.0	0.5	0.0	0.0	0.0	0.0	0.0	0.0	0.0	0.0	0.0	0.0	0.0	0.0	0.0	0.0	0.0	0.0	0.0	0.0	0.0	0.0	0.0
1982	5	0.0	0.0	4.5	0.0	0.0	14.0	0.0	0.0	2.2	0.0	0.0	27.0	34.0	0.0	0.0	0.0	0.0	0.0	35.0	0.0	0.2	0.0	0.0	0.0	1.2	5.9	0.0	0.2	0.0	2.3	8.1
1982	6	1.0	0.5	0.0	0.0	0.0	0.0	0.0	0.0	0.0	0.0	0.0	0.0	4.1	0.0	0.0	0.0	0.0	0.0	1.8	0.0	0.0	0.0	0.0	8.3	0.0	0.0	0.0	0.0	0.0	0.0
1982	7	0.0	0.0	0.0	0.0	0.0	0.0	0.0	0.0	0.0	0.8	7.8	0.0	0.0	0.0	7.7	16.7	0.0	0.0	0.0	0.0	0.0	0.0	0.0	0.0	4.6	25.9	106.8	20.6	4.5	0.1	0.0
1982	8	0.0	0.0	0.0	0.0	2.1	9.1	0.0	0.0	0.0	0.0	3.1	4.1	8.7	97.6	16.2	0.2	0.4	0.0	0.0	72.7	14.4	0.0	0.7	0.0	13.9	7.8	4.2	0.6	0.0	0.0	0.0
1982	9	0.0	0.0	0.0	0.0	0.0	0.0	0.0	0.0	0.0	0.7	0.0	0.0	0.0	0.0	0.0	0.0	0.0	0.0	0.0	4.1	0.0	0.0	0.0	0.0	0.0	0.0	0.0	0.0	0.0	0.0
1982	10	0.0	0.0	0.0	0.0	0.0	0.0	0.0	0.0	0.0	0.0	0.0	0.0	0.0	0.0	0.0	0.0	9.8	0.3	28.7	0.0	0.0	0.0	0.0	0.0	0.0	0.0	0.0	0.0	0.0	0.0	7.7
1982	11	0.0	0.0	0.0	0.2	0.0	0.0	0.0	0.0	13.2	19.5	26.1	0.0	0.0	9.0	12.9	0.0	0.0	0.0	0.1	0.0	2.9	5.0	0.5	0.0	0.0	0.0	0.0	7.8	60.3	7.3
1982	12	3.9	0.9	0.0	19.8	0.0	0.0	0.0	0.0	0.0	1.6	5.0	0.0	0.0	0.0	0.0	5.5	0.0	0.0	0.0	0.0	0.0	8.4	1.0	0.2	0.0	1.3	0.2	0.0	0.8	0.0	0.0
1983	1	0.0	0.0	0.0	0.0	1.0	0.0	1.2	0.0	0.0	0.0	0.3	0.0	0.0	0.0	0.0	0.0	0.0	0.0	0.0	0.0	0.0	0.0	0.0	0.0	0.0	0.0	0.0	0.0	2.1	6.5	0.0
1983	2	0.8	2.6	0.0	0.0	0.0	0.0	0.0	1.3	0.0	0.0	0.4	0.0	0.0	5.8	0.2	0.0	0.5	0.1	0.0	0.0	0.0	0.0	0.0	0.0	0.0	0.0	0.0	0.0
1983	3	8.2	27.3	0.0	0.0	0.0	0.0	0.0	0.0	0.0	0.0	0.0	0.0	5.4	0.0	0.0	11.0	0.5	0.0	0.0	0.0	0.0	0.0	14.3	0.0	0.0	0.0	0.8	0.0	0.0	0.0	0.0
1983	4	0.0	0.6	8.9	0.0	0.0	0.0	0.0	0.0	0.9	0.0	0.0	0.0	0.0	31.9	0.7	0.0	0.0	0.0	3.6	0.0	0.2	4.7	0.0	0.0	0.0	12.0	0.3	34.2	15.4	0.0
1983	5	0.0	0.0	0.0	0.0	0.0	33.2	1.5	0.0	0.0	0.0	0.0	0.0	0.0	0.0	0.0	0.0	0.0	0.0	6.8	0.0	0.0	0.0	0.0	13.1	0.0	0.0	14.4	0.0	0.0	0.0	0.0
1983	6	0.0	0.0	0.0	0.0	0.0	0.0	0.0	0.0	0.0	0.0	0.0	11.4	0.0	0.0	5.3	0.0	0.0	0.0	0.0	9.3	0.0	0.0	0.0	0.0	0.0	0.1	0.0	0.0	1.3	0.0
1983	7	0.0	51.2	26.4	0.0	12.4	0.0	0.6	0.6	0.0	29.0	0.0	0.0	0.0	58.3	0.0	3.9	0.0	0.0	48.8	20.9	0.0	0.0	0.0	45.9	5.5	1.3	1.4	0.4	71.1	20.9	0.0
1983	8	13.9	0.0	0.1	0.0	0.0	0.0	0.0	0.0	52.8	0.7	0.7	5.0	0.0	0.0	0.0	0.0	0.0	0.0	0.0	0.3	1.6	0.0	17.6	11.5	0.0	10.5	6.7	10.8	0.0	0.0	0.0
1983	9	12.8	131.6	0.0	0.0	15.0	0.0	0.9	0.0	10.0	13.1	11.0	0.3	0.0	33.5	0.0	0.0	0.0	0.0	0.0	0.0	0.1	0.0	1.3	23.8	0.0	0.0	0.0	0.0	0.0	0.0
1983	10	23.7	0.1	27.8	0.0	0.0	0.0	3.2	15.8	0.5	0.0	0.0	0.0	4.1	0.0	0.0	0.0	0.0	0.0	0.0	0.0	0.0	0.0	0.0	0.0	0.0	2.2	0.0	0.0	0.0	2.8	2.0
1983	11	0.0	0.0	4.9	0.0	0.0	1.0	0.0	0.0	0.0	2.0	0.1	0.0	0.0	0.0	9.7	2.5	0.0	0.0	0.0	0.0	0.0	0.0	2.7	0.0	0.0	0.0	0.0	0.0	0.1	5.7
1983	12	0.0	0.0	0.0	0.0	0.0	0.0	0.0	0.0	0.0	0.8	0.0	0.0	0.6	0.0	0.0	0.0	0.2	0.0	0.0	0.0	0.0	0.7	0.0	4.3	0.0	0.0	0.0	0.0	0.0	3.3	0.0
1984	1	0.0	4.8	3.3	0.0	0.0	0.0	0.0	0.0	0.0	0.0	0.0	0.6	0.0	0.0	0.0	0.0	0.0	0.0	0.0	0.0	1.1	0.0	0.0	0.9	0.0	0.0	0.0	0.0	0.0	0.0	0.0
1984	2	1.1	0.2	0.0	0.0	0.0	0.0	0.0	0.0	0.0	0.0	0.0	0.0	0.1	0.0	0.0	0.0	0.0	0.0	0.0	0.0	0.0	0.6	5.8	0.0	2.2	4.9	0.0	0.0	0.0
1984	3	0.8	0.4	0.0	0.0	0.0	0.0	0.0	0.0	2.3	0.0	0.0	0.0	0.0	0.0	0.0	2.2	0.0	0.0	0.0	3.2	0.0	0.0	0.0	1.2	0.1	0.0	0.4	0.0	0.8	0.0	0.0
1984	4	0.0	0.0	0.0	0.0	11.0	0.0	0.0	0.0	0.0	0.0	0.0	0.0	0.0	0.0	1.8	0.0	4.8	2.6	0.0	0.0	0.0	0.0	0.0	0.0	2.8	6.6	0.1	8.8	0.0	3.3
1984	5	0.1	0.0	0.0	0.0	0.0	0.0	0.0	0.0	0.0	0.0	0.0	16.4	14.1	0.0	0.0	0.0	0.0	0.0	0.0	0.0	0.0	0.0	0.0	0.0	0.0	4.1	0.0	0.0	0.5	0.0	0.0
1984	6	0.0	0.0	0.0	0.0	0.3	10.3	1.8	0.0	0.1	0.0	0.0	0.0	0.0	0.0	0.0	23.6	9.4	38.1	2.6	0.0	0.0	1.3	0.0	0.0	15.4	1.1	0.0	1.5	0.0	0.0
1984	7	0.0	0.0	98.6	18.8	0.0	3.5	20.5	14.2	0.3	0.0	0.0	63.7	0.6	0.1	14.7	1.6	0.0	0.0	1.4	0.0	0.0	9.3	5.5	0.0	0.0	0.0	0.0	0.1	17.0	0.0	0.0
1984	8	32.9	29.6	2.1	0.0	0.0	0.0	0.0	0.0	0.0	0.0	0.0	0.0	0.0	16.6	13.8	0.0	0.0	0.0	0.0	0.0	12.6	0.0	0.0	97.0	2.0	3.6	1.2	71.9	17.3	0.1	30.2
1984	9	268.2	36.0	0.0	4.4	0.0	0.0	0.0	0.8	0.2	0.0	0.0	0.0	0.0	0.0	0.0	0.0	0.0	0.0	8.6	0.0	0.0	0.0	0.0	0.5	0.0	0.0	0.0	23.7	5.7	0.0
1984	10	0.0	0.6	0.0	1.5	0.4	1.3	0.0	0.0	0.0	0.0	0.0	0.0	0.0	0.0	0.0	0.0	0.0	0.0	5.8	0.8	0.0	0.0	0.0	0.0	0.0	0.0	11.0	0.0	0.0	0.0	0.0
1984	11	0.0	0.0	0.0	0.0	0.0	0.0	0.0	0.0	0.0	11.7	0.0	0.0	0.0	8.2	7.7	0.0	0.0	2.1	4.9	0.0	0.0	0.0	0.3	0.0	0.0	0.4	0.0	0.0	0.0	0.2
1984	12	0.2	0.0	0.0	0.3	0.0	0.0	0.0	0.0	1.9	13.4	0.0	0.0	1.8	0.0	0.0	3.0	0.0	1.6	0.0	0.5	0.0	0.4	0.0	0.0	0.0	0.0	0.0	0.0	0.0	0.0	1.1
1985	1	0.0	0.0	0.0	0.0	0.0	0.1	0.0	0.0	2.2	0.0	0.0	0.1	0.0	0.0	3.5	0.0	0.0	0.0	13.4	0.0	0.0	0.0	0.0	0.0	0.7	0.0	11.0	0.0	0.0	0.0	0.2
1985	2	0.0	0.0	0.0	0.0	0.0	0.0	0.0	0.0	4.0	0.4	0.0	2.8	2.6	0.0	0.0	1.8	0.0	4.1	5.4	4.8	0.0	0.0	0.0	0.0	0.0	0.0	0.0	0.0
1985	3	0.1	0.0	0.0	0.0	0.0	0.0	0.0	9.1	0.0	0.0	0.0	0.0	0.0	0.0	0.0	0.0	0.0	0.0	0.0	0.0	0.0	0.0	0.0	0.0	41.8	0.0	6.8	0.0	0.0	0.0	0.0
1985	4	0.0	0.0	31.1	0.7	0.0	0.0	0.0	0.0	0.0	0.0	0.0	0.0	0.0	0.0	0.0	0.0	1.8	0.0	13.1	0.0	0.0	3.8	1.1	0.0	0.0	16.5	0.0	0.9	0.0	0.0
1985	5	0.0	0.0	0.0	2.0	44.4	11.7	0.9	0.0	0.0	0.0	0.0	39.3	47.4	0.0	0.0	0.0	0.0	9.4	8.5	13.8	0.0	0.0	0.0	0.0	0.0	0.0	0.0	0.0	0.0	0.0	0.0
1985	6	0.0	0.0	0.0	0.0	0.0	0.0	3.1	0.0	0.9	0.0	1.9	2.0	0.0	0.0	0.0	0.0	33.3	0.0	0.0	0.0	0.0	0.2	0.0	2.9	0.0	0.0	41.1	0.0	0.0	0.0
1985	7	0.0	0.0	4.6	0.0	0.0	0.0	14.6	2.9	1.6	13.4	0.1	25.5	0.2	0.1	0.0	1.6	84.3	0.0	26.3	0.0	0.0	0.0	0.0	0.0	0.0	5.5	4.5	0.0	0.0	0.0	0.0
1985	8	0.0	31.2	18.1	10.4	75.7	0.0	0.0	0.0	2.8	124.5	0.0	1.5	17.7	6.4	4.1	67.0	3.1	0.2	0.0	0.0	0.7	0.0	0.0	0.0	0.0	0.0	8.9	0.5	1.7	0.0	64.4
1985	9	0.0	15.2	17.8	8.4	2.2	63.7	0.0	0.0	0.0	7.2	1.8	0.0	0.0	3.8	18.6	0.0	23.8	0.9	5.3	0.2	0.0	0.0	0.0	0.0	0.0	0.0	0.0	0.0	0.0	2.8
1985	10	0.0	0.0	0.0	0.0	50.8	6.8	0.0	0.0	0.1	55.3	0.6	64.2	0.0	0.0	0.0	0.0	0.0	0.0	0.0	0.0	0.0	0.0	0.0	0.0	0.0	0.0	0.0	0.0	0.0	0.0	0.0
1985	11	0.0	0.0	0.0	1.4	0.0	0.1	0.3	2.3	19.8	7.3	3.0	0.0	0.0	0.9	0.0	8.2	1.1	0.0	0.7	0.0	0.0	12.7	0.4	0.0	0.9	1.2	10.4	5.6	0.0	6.1
1985	12	4.4	0.0	0.0	5.3	0.4	0.0	0.0	0.0	0.0	0.0	0.0	0.0	1.2	0.0	0.0	0.0	0.0	0.6	0.3	0.0	0.0	0.5	0.0	0.0	0.0	0.0	0.0	0.0	5.5	23.7	0.0
1986	1	0.0	0.0	10.2	0.0	0.0	0.0	0.5	0.0	0.0	0.0	0.0	0.0	1.0	0.0	0.0	0.0	0.0	0.0	0.0	0.0	0.0	0.0	0.0	0.0	0.0	0.0	0.0	0.0	0.0	0.0	0.0
1986	2	0.0	4.9	0.0	0.0	0.0	0.0	0.0	0.0	0.0	0.0	0.0	0.0	1.6	0.0	0.1	0.0	0.0	1.6	0.0	0.0	0.0	0.0	0.0	0.0	0.0	0.0	0.1	0.0
1986	3	0.0	0.0	0.0	0.0	0.0	0.0	0.0	0.0	22.3	0.0	0.0	0.0	0.0	0.0	0.0	0.0	0.0	10.8	5.8	0.0	0.0	1.6	2.0	0.0	0.0	0.0	0.0	0.0	0.0	1.8	0.0
1986	4	0.0	0.0	0.0	0.0	0.0	0.0	0.0	0.0	0.0	0.5	0.0	0.0	0.0	0.0	0.0	0.0	0.0	0.0	0.0	0.1	0.0	0.0	0.0	1.8	1.0	13.5	3.7	0.0	0.0	0.0
1986	5	14.3	0.0	0.0	0.0	0.0	0.3	0.0	6.2	4.5	0.6	0.0	0.0	19.3	0.0	0.6	0.0	0.0	11.5	7.2	0.0	0.0	0.0	0.0	0.0	0.0	6.4	0.0	0.0	0.0	0.0	0.6
1986	6	5.8	0.2	0.0	0.2	0.0	7.9	0.0	0.0	0.0	0.0	0.0	0.0	0.0	0.0	10.5	37.3	0.9	2.4	0.0	0.0	0.0	0.0	0.9	7.0	4.2	0.0	0.0	39.6	0.2	0.0
1986	7	1.4	0.0	0.0	0.0	0.0	0.0	0.0	0.0	0.0	0.0	52.5	4.7	1.3	15.6	6.1	47.6	2.4	14.5	18.8	0.5	6.2	1.6	6.0	147.8	2.5	18.8	0.3	0.5	2.7	0.0	0.0
1986	8	1.3	24.7	0.0	0.0	0.0	0.0	0.0	0.0	4.5	2.2	82.7	0.5	60.0	0.0	0.0	4.6	5.5	8.5	0.0	7.0	0.0	15.6	1.0	0.0	0.0	5.7	46.7	84.4	15.4	0.0	0.0
1986	9	1.6	50.2	2.1	0.0	0.0	0.0	0.0	0.0	0.0	0.0	0.0	0.0	2.3	0.0	0.0	0.0	1.8	0.0	0.0	11.6	31.4	0.0	0.0	0.0	0.0	0.0	0.0	0.0	0.0	0.0
1986	10	0.7	2.0	0.0	0.0	0.0	0.0	0.0	0.0	12.4	1.2	0.0	0.0	0.0	7.7	0.3	0.0	0.0	0.0	0.0	0.0	44.5	0.0	0.0	0.0	0.0	9.5	1.3	0.0	0.0	0.0	0.0
1986	11	1.7	0.0	7.0	0.0	2.1	0.0	9.5	0.0	1.1	0.0	0.0	0.0	1.1	0.0	0.0	0.0	0.0	0.0	0.0	0.0	0.0	0.0	0.0	16.6	0.0	0.0	0.0	0.2	0.0	0.0
1986	12	0.0	0.0	4.7	0.0	0.0	0.0	0.0	0.0	0.0	1.7	0.0	0.0	0.0	0.7	0.0	0.0	1.1	16.8	3.7	0.0	0.0	0.0	0.0	0.0	0.0	0.0	0.0	0.0	0.0	1.4	1.8
1987	1	0.0	15.3	0.0	0.0	0.0	0.0	4.1	0.0	0.0	0.0	0.0	0.9	0.0	0.0	0.0	19.1	0.0	0.0	0.0	0.0	0.0	0.0	4.0	0.0	0.0	0.0	0.0	0.0	0.0	0.0	0.0
1987	2	0.0	7.2	0.0	0.0	0.0	0.0	0.0	0.0	0.0	16.7	11.3	0.0	0.5	0.2	0.0	0.0	0.0	0.0	0.0	0.0	0.0	0.0	0.0	0.0	0.0	0.0	0.0	0.3
1987	3	0.0	0.0	0.0	4.9	0.3	0.0	0.0	0.0	0.0	3.3	0.0	0.0	0.0	0.0	0.0	0.0	1.2	0.0	8.9	0.0	0.0	5.1	0.7	9.2	0.2	0.0	0.0	0.0	0.0	0.4	0.0
1987	4	0.0	0.0	0.0	0.0	0.0	15.2	3.7	0.0	0.1	0.1	0.0	0.0	0.0	0.0	0.0	0.0	0.0	0.0	0.0	0.0	32.7	1.0	0.0	0.0	2.4	0.0	0.0	0.0	0.0	0.1
1987	5	0.0	3.6	1.4	0.0	0.0	0.0	0.0	0.0	0.0	1.2	5.3	0.0	0.0	0.0	0.0	0.0	3.5	0.0	0.0	0.0	0.0	20.7	22.7	0.0	63.1	5.1	0.0	0.0	0.0	0.0	0.0
1987	6	5.1	52.4	3.9	0.0	0.4	0.0	43.9	0.0	0.0	0.0	0.0	0.0	0.0	4.3	8.3	0.0	0.0	0.0	0.3	10.4	0.0	0.0	0.0	1.3	0.0	0.0	0.0	0.0	0.0	0.0
1987	7	0.0	0.0	0.0	0.0	2.8	4.9	0.0	0.7	0.0	33.7	61.3	0.0	0.0	0.0	41.7	29.2	0.0	0.0	0.0	0.0	86.8	9.2	0.8	0.0	0.0	57.5	294.6	0.8	13.5	13.5	0.2
1987	8	0.0	2.7	34.8	29.3	0.0	0.0	77.7	1.1	3.8	58.0	0.0	0.0	0.0	0.0	49.5	63.5	0.0	0.0	0.0	15.0	0.0	0.0	0.0	22.4	1.3	0.0	11.0	1.1	51.9	87.7	11.0
1987	9	0.0	0.0	0.0	0.0	45.6	1.6	0.0	0.0	0.0	0.0	0.0	0.0	0.0	0.0	0.0	0.0	0.0	0.0	0.0	0.0	12.4	0.0	0.0	0.0	1.5	0.0	0.0	0.0	0.0	0.0
1987	10	0.0	0.0	0.0	0.0	0.0	0.0	0.1	0.0	0.0	0.0
1987	11	5.7	20.7	2.1	1.3	0.0	0.0	5.5	0.0	10.9	0.0	0.0	1.1	0.0	0.0	0.0	0.5	0.0	4.6	0.0	0.0	0.0	0.0	0.0	0.0	0.0	0.0	11.4	3.0	0.0	0.0
1987	12	0.0	0.0	0.4	0.0	0.0	0.0	0.0	0.0	0.0	0.3	0.0	0.0	0.0	0.0	0.7	0.0	0.0	0.0	0.0	0.0	0.0	1.2	0.0	0.0	0.0	0.0	0.0	0.0	0.0	0.0	0.0
1988	1	0.5	0.0	0.0	0.0	0.0	0.0	0.3	0.1	0.0	0.0	0.0	0.0	0.0	0.0	0.0	0.0	0.0	0.0	0.0	0.0	1.1	0.7	0.0	0.0	0.1	0.0	0.0	0.1	0.1	0.3	0.0
1988	2	0.1	0.0	0.0	4.3	0.0	0.0	0.0	0.0	0.0	0.0	0.0	0.1	0.0	0.0	0.0	0.0	0.0	0.0	0.0	0.0	0.0	0.0	0.0	0.0	0.0	0.0	0.0	0.0	0.0
1988	3	0.0	0.0	0.0	0.0	0.0	1.2	0.0	1.3	0.0	0.0	27.9	0.0	0.0	0.2	0.0	0.0	0.0	0.0	0.0	0.0	0.4	0.3	0.0	0.0	0.0	0.0	0.0	0.0	0.0	0.0	0.0
1988	4	0.0	0.0	0.0	0.0	0.0	0.0	0.0	0.0	0.0	0.0	0.7	23.6	0.0	0.0	0.0	0.0	1.7	27.0	6.5	0.0	0.0	0.0	0.0	0.0	0.0	0.0	0.0	0.0	0.0	1.0
1988	5	1.5	0.0	1.0	0.0	0.0	0.0	12.2	0.0	0.0	0.0	0.0	0.0	0.0	0.2	0.0	0.0	0.0	0.0	0.0	0.0	0.8	21.9	0.0	0.0	0.0	0.0	3.8	0.0	0.0	0.0	1.4
1988	6	54.2	1.1	0.0	1.1	0.0	0.0	0.0	3.7	0.0	0.0	0.0	0.0	0.0	0.0	0.0	11.0	0.0	0.0	2.6	0.0	0.0	0.0	0.0	0.0	0.0	0.0	0.0	0.0	0.0	0.0
1988	7	0.0	23.5	0.1	0.0	1.7	2.2	11.8	2.3	101.6	0.0	0.0	52.2	14.0	44.6	1.0	15.1	5.8	0.0	14.0	37.5	4.2	36.7	13.8	0.0	0.0	0.0	0.2	0.0	0.0	0.0	0.0
1988	8	0.0	0.0	0.0	0.0	0.0	0.0	0.0	0.0	0.0	0.0	0.0	0.0	0.0	0.0	0.0	3.2	34.5	6.5	0.0	9.1	8.3	0.0	0.0	0.0	0.0	0.0	11.6	2.3	4.5	1.3	0.0
1988	9	0.0	0.0	0.0	0.0	2.0	0.0	0.0	0.0	0.0	0.2	20.6	0.0	0.0	0.0	0.0	6.8	0.0	0.0	8.1	0.0	0.0	0.0	0.0	0.0	2.0	0.0	0.0	0.0	0.0	0.0
1988	10	0.0	0.0	0.0	0.0	7.6	0.0	0.0	0.0
1988	11	3.6	0.0	0.0	0.0	0.0	0.0	0.0	0.0	0.0	0.0	0.0	0.0	0.0	0.0	4.8	10.3	0.0	0.0	0.0	0.8	0.0	1.6	0.0	0.0	0.0	0.0	0.0	0.0	0.0	0.0
1988	12	0.0	0.0	0.0	0.0	0.0	0.0	0.0	6.3	0.0	0.2	3.6	0.0	0.0	0.0	0.0	0.0	0.0	0.0	1.6	0.0	0.0	0.0	0.0	0.0	0.0	0.0	0.2	0.0	0.0	0.0	0.0
1989	1	0.0	0.0	0.0	0.0	0.0	0.0	4.3	2.7	2.2	1.4	12.8	0.0	0.3	0.0	0.0	0.0	0.0	4.2	1.7	4.4	0.0	0.8	6.8	0.0	0.0	3.0	0.0	0.0	0.0	0.0	0.0
1989	2	0.0	0.0	0.0	0.0	0.0	0.0	0.0	2.7	0.0	0.0	0.0	0.0	0.0	0.0	0.0	0.0	0.3	0.0	0.0	0.0	0.0	0.0	2.9	2.0	11.2	0.0	0.1	13.5
1989	3	0.0	5.6	89.3	0.0	0.0	0.0	0.0	0.0	0.0	0.0	0.0	0.0	0.0	0.0	0.0	0.5	0.0	0.0	0.0	0.0	0.0	0.0	0.5	2.8	0.0	0.0	0.6	0.0	0.0	13.5	3.9
1989	4	0.0	0.0	0.0	0.0	0.0	0.0	0.0	0.0	0.0	0.0	0.0	0.0	0.0	0.0	0.0	2.0	4.0	0.0	0.0	0.0	0.0	0.8	0.0	0.0	0.0	3.5	3.7	0.0	0.0	0.0
1989	5	0.0	0.0	0.0	0.0	0.0	0.0	0.0	2.0	0.2	6.4	19.0	0.0	9.2	3.7	0.0	0.0	0.0	0.0	0.0	0.0	0.0	0.0	0.0	0.0	0.6	0.0	0.0	0.0	0.0	0.0	0.0
1989	6	0.0	0.0	0.0	8.5	48.0	0.0	0.0	48.5	6.3	0.0	0.0	0.0	0.0	43.5	0.5	0.0	1.2	15.7	0.0	0.0	0.0	0.0	0.0	0.0	0.0	0.0	4.7	0.0	0.0	0.2
1989	7	12.5	0.0	0.0	0.0	0.0	0.0	0.0	21.9	1.5	0.0	51.8	0.0	0.0	0.0	1.5	23.9	0.0	0.0	0.0	34.3	10.1	0.0	0.0	1.9	103.1	0.0	43.3	21.1	11.7	4.9	0.0
1989	8	0.0	1.2	0.0	0.0	0.0	0.0	0.0	0.0	0.0	0.0	77.9	67.8	2.3	0.0	0.0	0.0	0.0	0.0	0.0	51.5	49.0	2.2	9.5	0.0	0.0	0.0	9.7	0.0	42.8	15.5	0.0
1989	9	0.4	0.0	0.0	0.0	0.0	0.0	0.0	1.5	0.0	0.0	0.0	2.0	0.0	8.5	5.5	1.4	64.5	0.0	0.0	0.0	0.0	0.0	0.0	0.8	0.0	0.0	16.4	0.2	0.0	0.0
1989	10	0.0	0.0	0.0	0.0	3.7	0.0	0.0	0.0	0.0	0.0	1.7	12.0	0.0	0.0	0.0	6.8	0.0	0.0	16.1	0.0	0.0	0.0	0.0	0.0	0.0	0.0	0.0	0.4	0.0	0.0	29.2
1989	11	0.9	0.0	0.0	62.5	46.2	8.8	10.0	6.1	0.0	0.0	0.0	0.1	0.0	0.0	0.0	0.0	6.6	0.4	0.0	0.0	0.0	0.0	0.0	0.0	0.0	0.0	12.9	0.0	0.0	0.0
1989	12	0.0	0.0	0.0	0.0	0.0	0.0	2.1	0.0	0.0	0.0	0.0	0.0	0.6	1.5	0.0	0.0	0.0	0.0	0.0	0.1	0.3	0.0	4.6	3.1	0.0	0.0	0.0	0.0	0.1	0.0	0.0
1990	1	0.0	0.1	0.0	0.0	3.2	0.0	0.0	0.0	3.9	16.7	0.0	0.0	0.0	0.0	0.0	0.0	0.0	3.0	0.0	0.0	4.1	1.3	0.0	0.0	0.0	0.0	0.0	0.2	9.8	11.9	8.0
1990	2	0.9	0.0	0.0	0.0	0.0	0.0	0.0	0.0	0.0	14.4	1.4	0.0	0.0	0.0	5.4	0.0	0.0	22.3	6.9	0.0	0.0	10.0	3.3	0.2	0.0	0.0	0.0	0.0
1990	3	0.0	0.0	0.0	0.0	0.0	0.0	0.0	0.0	0.0	0.0	30.1	11.7	0.0	3.9	0.0	0.0	6.7	0.0	0.0	0.0	0.0	0.0	6.4	2.0	0.0	0.0	0.9	22.8	7.3	0.5	0.0
1990	4	0.0	0.0	0.0	0.0	0.0	0.0	15.3	0.0	0.0	0.0	0.0	53.2	4.0	6.4	0.5	0.0	0.0	0.0	0.0	0.0	0.0	4.1	3.7	0.0	0.0	0.0	0.0	7.0	0.0	0.0
1990	5	13.1	9.5	9.3	1.0	0.0	0.0	9.8	0.0	0.0	6.5	9.5	0.0	19.5	0.1	0.0	0.0	7.5	9.7	0.7	1.6	0.0	0.0	0.0	2.5	0.0	0.0	0.0	0.0	0.0	0.2	22.3
1990	6	0.3	0.0	0.0	0.0	0.0	0.0	0.0	39.7	5.2	0.0	0.0	0.6	0.0	0.0	11.4	0.4	0.0	49.2	52.4	18.7	97.8	0.0	3.8	100.7	81.7	23.6	1.4	0.1	10.2	0.0
1990	7	0.0	14.1	4.0	0.5	0.0	1.7	20.0	7.4	0.0	2.2	39.0	9.4	0.4	33.0	3.6	31.4	55.8	111.0	0.5	23.2	10.2	0.8	7.6	73.5	24.2	13.0	0.0	0.0	0.0	0.0	0.0
1990	8	0.0	0.0	0.0	0.0	0.0	0.0	0.0	22.5	27.3	6.6	0.0	0.0	0.0	23.4	0.0	3.5	15.9	0.5	5.6	26.8	88.5	5.3	1.0	0.0	0.0	0.0	0.0	0.0	0.0	0.0	56.6
1990	9	47.8	10.5	0.3	18.8	0.0	0.0	0.0	2.2	118.7	120.0	247.5	0.0	0.0	0.2	0.0	0.0	0.1	0.0	0.0	0.0	0.0	0.0	4.0	0.0	0.0	0.0	0.0	0.0	0.0	0.0
1990	10	0.0	0.0	0.0	0.0	0.0	0.0	0.0	0.0	0.0	0.0	0.0	0.0	0.0	0.0	0.0	0.0	0.0	0.0	0.0	0.0	0.0	0.0	0.0	0.0	0.0	0.0	0.0	0.0	0.0	0.0	0.0
1990	11	0.0	0.0	0.0	0.0	5.5	17.7	0.0	0.0	2.7	0.0	0.0	0.0	0.0	0.0	0.0	0.0	0.0	3.7	22.6	0.7	0.0	0.0	0.0	0.0	3.1	0.0	0.0	0.0	0.0	0.0
1990	12	15.0	0.0	0.0	0.0	0.0	0.0	0.0	0.0	0.0	0.0	0.0	0.0	1.9	1.8	0.0	0.0	0.1	0.0	0.0	0.0	0.5	0.9	0.0	0.0	5.7	0.0	0.0	0.0	0.0	0.0	0.0
1991	1	0.5	0.0	1.7	0.0	0.0	0.0	0.4	0.0	0.0	0.0	0.0	0.0	0.0	0.0	0.0	1.3	0.0	0.0	0.0	0.0	0.0	1.6	0.0	8.9	0.0	0.0	0.0	0.0	0.0	0.0	0.0
1991	2	0.0	0.0	0.0	1.5	0.0	0.0	4.3	0.0	0.0	1.6	0.1	0.0	0.0	0.0	12.9	0.0	0.0	0.0	0.0	2.3	0.9	0.1	0.0	0.0	0.0	0.0	2.5	2.2
1991	3	0.0	0.0	0.0	0.0	0.0	0.0	0.0	37.4	1.0	6.5	0.5	0.0	0.0	0.0	0.0	1.9	0.0	0.0	0.0	0.7	0.0	0.0	0.0	0.0	0.0	6.8	9.6	0.0	0.0	0.0	1.1
1991	4	0.0	0.0	0.0	0.0	0.0	0.0	0.0	0.0	0.0	0.0	0.0	12.1	5.5	0.0	0.0	0.0	14.2	13.4	0.0	0.0	0.0	0.0	0.0	0.0	0.0	0.0	0.0	0.1	1.7	1.5
1991	5	0.0	0.0	0.0	0.0	0.0	7.9	2.6	2.1	0.0	0.0	0.0	0.0	0.0	0.0	0.0	0.1	0.0	0.0	0.0	0.0	0.0	0.0	0.0	4.0	26.6	39.9	0.0	0.0	0.0	0.0	0.0
1991	6	0.0	2.7	0.6	0.0	0.0	0.0	0.0	0.0	7.3	0.0	26.6	2.4	0.0	0.0	0.0	0.0	0.0	0.0	0.0	0.7	0.0	0.0	7.0	0.0	0.0	0.3	0.0	0.0	34.2	0.0
1991	7	17.7	0.0	0.0	1.7	0.0	0.0	44.0	0.0	0.2	0.0	0.0	0.0	0.0	0.0	42.2	12.7	1.7	1.0	66.7	49.0	39.8	3.3	30.7	17.7	140.2	0.0	0.0	5.9	1.3	11.5	0.5
1991	8	0.4	43.7	0.0	1.1	0.0	7.9	0.0	0.0	0.0	0.0	0.0	0.0	0.0	0.0	0.0	0.0	0.0	0.0	0.0	0.0	0.0	0.0	14.3	0.8	0.0	0.0	0.0	0.0	0.0	0.0	0.0
1991	9	0.0	0.0	5.4	51.8	38.7	32.2	0.0	0.0	0.0	0.0	0.0	0.0	0.0	0.0	0.0	0.0	0.0	0.0	0.0	5.2	1.3	0.0	0.0	0.0	0.0	11.6	29.0	0.0	0.0	0.0
1991	10	0.0	0.0	0.0	1.0	0.0	0.0	0.0	0.0	0.0	0.0	0.0	0.0	0.0	0.0	0.0	13.8	3.2	0.0	0.0	0.0	0.0	0.0	0.0	5.7	3.6	0.0	0.0	0.0	0.0	0.0	0.0
1991	11	0.0	0.0	0.0	0.0	0.0	0.0	16.3	0.0	6.8	0.0	0.0	0.0	0.0	0.0	0.0	0.5	0.0	0.0	11.2	0.0	0.0	0.0	0.2	0.0	0.0	0.0	0.0	0.0	0.0	0.0
1991	12	0.0	0.2	0.0	0.0	0.0	0.0	0.0	0.0	0.0	4.4	0.0	0.0	0.0	0.0	0.0	0.0	12.0	0.0	0.0	0.0	0.0	0.0	0.7	0.0	10.1	3.2	8.8	3.5	0.0	0.0	0.0
1992	1	0.0	0.0	0.0	0.0	0.0	3.9	2.2	0.0	0.0	0.0	0.0	0.0	1.8	0.0	0.0	3.9	0.0	0.0	0.0	0.0	0.3	0.1	0.0	0.0	0.3	0.0	0.0	0.0	0.0	0.0	1.1
1992	2	0.0	0.7	2.6	0.0	0.0	3.1	0.0	0.0	0.0	0.0	0.0	0.0	0.0	0.0	6.0	0.0	0.0	1.3	0.0	0.0	0.1	0.0	6.5	0.0	0.0	0.0	0.0	3.8	22.5
1992	3	0.7	0.0	0.0	0.0	3.6	0.0	0.0	0.0	0.0	0.0	0.0	0.0	0.0	0.0	0.0	0.0	1.8	0.5	0.0	0.0	0.0	0.0	4.5	0.1	0.0	0.0	0.0	0.0	0.0	0.0	0.0
1992	4	0.0	0.0	0.0	0.0	0.0	0.0	0.0	0.4	0.2	20.2	5.2	0.0	0.0	0.0	8.6	0.0	0.0	23.3	0.0	0.0	11.5	0.0	0.0	0.0	0.0	0.0	0.0	2.1	0.5	4.5
1992	5	0.0	0.0	0.0	0.0	0.0	34.6	95.4	0.4	0.0	0.0	0.0	0.0	20.5	0.0	0.0	2.0	0.0	0.0	0.0	0.0	0.0	0.0	0.0	0.0	0.1	1.5	0.0	0.0	1.0	0.0	0.0
1992	6	0.0	0.0	0.0	56.0	0.0	0.0	4.8	7.2	19.7	8.8	0.0	0.0	0.0	0.0	0.0	0.0	1.4	1.7	0.0	0.0	0.0	0.0	0.0	0.0	0.0	0.0	0.0	0.0	0.0	0.0
1992	7	0.0	6.5	18.4	2.1	0.0	0.0	0.0	0.0	0.0	58.5	13.4	0.0	0.0	14.1	60.3	0.0	38.2	2.0	0.0	2.0	0.3	10.8	0.0	0.0	0.0	0.0	33.6	1.4	0.0	8.5	0.0
1992	8	0.0	28.1	0.0	0.0	0.8	1.3	130.3	0.0	0.0	0.0	0.1	7.6	0.0	16.0	5.5	0.0	36.6	0.0	0.0	0.0	0.0	0.0	0.0	4.4	26.8	2.2	153.3	5.8	0.0	0.0	0.0
1992	9	8.3	20.3	0.1	0.0	0.0	0.0	4.3	0.0	0.0	0.0	0.0	0.5	4.0	0.0	0.0	0.0	0.0	0.0	0.0	0.3	0.0	0.0	0.0	87.0	0.0	0.0	0.0	0.1	43.6	0.0
1992	10	0.0	0.0	3.5	1.4	0.2	0.0	0.3	0.0	0.0	0.0	0.0	0.0	0.0	0.0	0.0	0.0	9.0	0.6	0.0	0.0	0.0	0.0	6.2	0.5	0.0	0.0	0.0	0.0	9.9	2.0	0.0
1992	11	0.0	0.0	8.5	0.0	0.0	0.0	0.0	4.8	12.6	3.0	0.0	0.0	8.0	0.0	0.5	0.0	0.0	0.0	48.8	0.0	0.0	3.3	0.0	0.0	0.0	0.0	0.0	0.0	0.0	0.0
1992	12	0.0	0.0	0.0	0.0	0.0	21.0	6.4	0.0	0.3	8.5	0.0	13.3	3.5	0.0	0.0	0.0	0.0	0.0	0.0	0.0	3.8	0.0	0.0	0.0	0.0	0.0	1.6	12.1	0.0	0.9	0.0
1993	1	0.0	0.3	0.0	0.0	0.0	0.7	0.0	0.0	0.0	0.0	0.0	0.0	0.0	0.0	0.0	0.0	1.0	0.0	0.0	0.0	0.0	0.0	0.0	0.0	0.0	0.2	0.0	0.0	0.0	0.0	0.0
1993	2	0.0	0.0	0.0	0.0	0.0	0.0	0.0	0.0	0.0	0.0	2.5	0.0	0.2	0.0	0.0	40.7	3.1	0.0	0.0	4.1	17.9	0.0	0.0	0.0	0.0	0.0	0.7	0.3
1993	3	0.0	0.0	0.0	0.0	0.0	3.9	0.6	0.0	0.0	0.0	0.0	0.0	0.0	0.3	0.3	0.0	0.0	0.0	0.0	0.0	0.0	0.0	0.0	10.4	0.0	0.0	0.0	1.0	0.0	0.0	12.7
1993	4	0.0	0.0	0.0	0.0	0.0	0.0	0.0	0.0	0.0	2.4	0.0	0.0	0.0	0.0	0.0	0.0	0.0	0.0	0.0	0.0	0.0	14.9	3.5	17.5	0.0	0.0	14.6	22.1	8.0	2.5
1993	5	0.0	3.0	0.0	0.0	0.0	0.0	0.0	0.0	0.0	0.0	0.5	9.5	65.5	0.0	0.0	0.0	32.8	0.0	0.0	0.0	8.7	4.4	0.0	0.0	11.3	0.0	0.0	0.0	0.0	0.0	0.0
1993	6	4.6	76.5	0.1	0.0	0.0	0.0	0.0	0.0	0.0	0.0	0.0	9.7	58.9	0.0	0.0	0.0	1.0	15.8	0.0	0.0	0.0	1.4	4.1	0.0	0.0	0.9	0.0	8.1	9.1	8.0
1993	7	0.0	0.0	0.0	0.0	0.0	0.0	0.0	36.8	0.5	1.2	84.2	10.3	91.8	5.8	0.0	25.9	60.8	0.0	0.0	0.0	0.0	0.0	0.8	19.4	16.4	13.0	2.9	1.1	53.5	0.0	0.0
1993	8	16.5	10.6	7.0	0.0	0.0	0.0	0.0	0.4	30.8	12.5	0.0	22.8	36.0	0.0	2.0	0.7	1.2	0.0	4.8	4.2	34.0	0.0	0.0	7.1	6.3	0.9	0.0	0.0	0.0	0.0	0.0
1993	9	0.0	23.9	0.0	0.0	0.0	0.0	0.0	0.0	0.0	0.0	0.0	1.6	3.5	0.0	0.0	6.8	16.7	0.0	0.0	0.0	0.0	2.2	0.0	0.0	0.0	0.0	0.9	0.5	0.0	0.0
1993	10	0.0	0.0	0.0	0.0	0.0	0.0	0.0	0.0	0.0	0.0	0.0	0.0	0.0	0.0	0.0	0.0	0.0	0.0	0.0	0.0	0.0	8.2	0.0	0.0	0.0	0.0	0.0	0.0	5.5	1.7	0.0
1993	11	0.0	0.0	0.0	0.0	0.0	0.8	0.0	0.0	0.0	0.3	0.0	2.3	29.5	0.0	0.0	0.0	0.0	0.0	0.0	13.3	1.1	0.8	3.9	0.0	0.0	2.3	0.5	0.0	0.0	11.8
1993	12	0.2	0.0	0.0	0.0	0.0	0.0	0.0	0.0	0.0	3.4	0.0	0.2	0.0	0.0	0.0	0.1	0.0	0.0	0.0	0.0	0.1	0.0	0.0	0.0	0.0	0.0	0.0	0.0	0.0	8.1	0.0
1994	1	0.0	0.0	0.0	0.0	0.2	2.4	0.0	0.0	0.0	0.0	0.3	0.0	0.0	0.0	0.0	0.0	1.4	0.0	0.0	0.0	0.0	0.6	1.0	0.0	0.4	0.2	0.0	0.0	0.0	0.0	0.0
1994	2	0.0	0.0	0.0	0.0	0.0	0.0	0.0	5.7	7.4	0.0	0.0	0.7	0.0	0.0	0.0	0.0	0.0	0.0	0.0	0.0	0.0	1.0	0.0	0.0	0.0	0.0	0.0	0.0
1994	3	0.0	0.0	0.0	0.1	0.0	0.0	18.5	0.7	0.0	0.0	0.0	0.0	0.0	0.0	0.0	0.0	0.0	0.0	0.0	0.0	0.0	8.8	0.0	3.6	0.0	0.0	0.0	0.0	0.0	0.0	0.0
1994	4	0.0	0.0	0.0	0.0	0.0	0.0	1.0	0.0	0.0	0.0	0.0	43.4	0.0	0.0	0.0	0.0	0.0	0.0	0.0	0.0	0.0	0.0	0.0	0.0	0.0	0.0	0.5	0.0	0.0	0.0
1994	5	0.0	0.0	26.8	3.6	5.8	0.0	0.0	0.0	0.0	8.7	0.1	0.0	0.0	30.7	18.1	0.0	0.0	0.0	0.0	0.0	0.2	0.0	0.0	20.6	35.4	0.0	0.0	0.0	2.3	0.0	0.1
1994	6	0.0	0.0	0.0	0.0	0.0	0.0	0.0	0.0	0.0	0.0	0.0	0.0	0.0	0.0	0.0	0.0	0.0	0.0	0.0	0.0	0.0	0.0	8.5	0.0	1.4	21.5	0.0	1.1	1.9	50.6
1994	7	31.3	0.0	3.5	0.0	70.1	15.6	4.9	1.4	0.0	6.7	0.0	0.0	0.0	0.0	0.0	0.0	0.0	0.0	0.0	0.0	0.0	0.0	0.0	0.0	0.0	0.0	0.0	0.0	1.9	0.8	3.3
1994	8	9.6	0.0	0.0	2.0	0.0	0.0	0.0	0.0	0.0	76.1	8.9	0.0	0.0	0.0	0.2	0.3	1.2	0.0	0.0	0.0	0.0	0.0	0.0	0.0	43.5	0.0	0.0	74.7	8.6	7.6	0.0
1994	9	0.0	6.5	0.0	0.1	17.6	0.0	0.0	0.0	0.3	10.7	0.0	0.0	0.0	0.0	0.0	0.0	5.1	0.0	0.0	2.1	0.0	15.5	0.0	1.0	0.0	1.8	0.0	0.0	0.0	0.0
1994	10	0.0	5.3	20.5	3.4	2.4	0.3	0.0	0.0	0.0	0.0	15.0	79.4	0.0	0.0	10.9	54.5	0.0	0.0	0.0	1.7	21.1	0.0	0.0	0.0	0.0	0.0	0.0	0.0	0.0	0.0	0.0
1994	11	0.0	4.2	0.0	0.0	0.8	0.0	0.0	0.0	0.0	1.8	0.0	2.1	0.0	3.4	0.0	0.0	4.0	31.8	0.0	0.0	0.0	0.0	0.0	1.1	0.0	0.0	0.0	0.4	0.0	0.0
1994	12	4.5	0.0	0.0	0.7	0.0	0.0	2.3	9.4	4.6	0.0	1.0	0.1	0.0	0.2	0.0	0.0	0.0	0.0	0.0	0.0	0.0	0.0	0.0	0.0	0.0	0.0	0.0	0.0	0.0	0.7	0.0
1995	1	0.0	0.0	3.7	0.4	0.5	0.0	0.0	0.0	0.0	0.0	0.0	2.1	0.0	0.0	0.0	0.0	0.0	0.6	0.0	0.0	0.0	4.0	0.0	0.0	0.0	0.0	0.0	0.0	0.3	0.0	0.0
1995	2	0.0	0.0	0.0	0.0	0.0	0.0	0.0	0.0	0.0	0.0	0.0	0.0	0.0	0.0	0.1	0.0	0.0	0.0	0.0	0.0	0.0	0.0	0.0	0.0	4.5	0.1	0.0	0.5
1995	3	0.0	0.0	0.0	0.0	0.0	0.0	0.0	0.0	8.7	11.2	0.0	8.0	0.0	0.0	0.0	21.4	0.0	0.0	0.0	0.0	0.0	0.0	0.8	2.6	0.4	0.0	1.5	0.0	0.6	0.0	5.4
1995	4	0.0	0.0	0.0	0.0	0.0	0.7	0.0	0.3	0.4	0.0	1.8	0.0	0.0	0.0	0.0	0.0	0.0	0.8	0.0	0.0	19.7	19.5	0.3	0.0	0.9	0.0	0.0	0.0	0.0	0.0
1995	5	0.0	0.0	0.0	0.0	0.0	0.0	0.0	0.0	0.0	19.6	0.0	0.0	9.6	0.9	0.0	0.0	0.0	0.0	0.0	30.3	0.0	0.0	0.0	0.0	0.2	0.0	0.0	0.0	0.0	0.0	0.0
1995	6	0.0	2.0	17.5	0.0	0.0	0.0	0.0	0.2	0.0	0.0	0.0	0.0	6.7	0.0	0.0	0.0	2.1	12.5	5.7	0.0	16.7	3.0	0.0	0.0	0.0	0.0	0.0	0.0	0.0	4.3
1995	7	36.0	1.9	21.2	0.0	0.0	0.0	0.0	35.1	88.2	107.1	15.9	0.6	8.4	1.7	3.0	17.6	0.0	2.1	83.5	1.7	0.0	0.0	0.0	0.1	11.9	0.0	0.0	0.0	0.0	0.0	0.1
1995	8	21.3	10.3	0.0	0.0	1.4	0.0	2.7	110.0	1.4	0.0	0.0	4.6	0.2	0.0	0.0	0.0	0.0	0.0	149.2	47.5	0.2	0.1	126.1	118.8	88.7	82.3	13.4	0.9	0.0	7.5	0.0
1995	9	0.1	16.5	0.0	0.0	0.0	0.6	0.1	0.0	12.0	0.3	0.0	0.0	0.3	0.0	0.0	0.0	0.0	0.0	0.0	0.0	0.0	0.0	3.2	0.6	0.0	7.6	5.8	0.0	0.1	0.0
1995	10	0.0	0.0	2.5	0.0	0.0	0.0	0.0	0.0	0.0	0.0	0.0	0.0	0.0	0.0	8.1	0.0	0.0	0.0	0.0	0.0	0.0	0.0	0.0	8.0	0.0	0.0	0.0	0.0	0.0	7.3	13.4
1995	11	0.0	0.0	0.0	0.0	0.0	0.0	7.8	0.0	0.0	5.9	0.0	0.0	2.6	0.0	0.0	0.0	0.0	0.0	9.3	0.0	0.0	3.4	3.7	0.2	0.0	0.0	0.0	0.0	0.0	0.0
1995	12	0.0	0.0	0.0	0.0	0.0	0.0	0.0	0.0	0.0	0.0	0.0	0.0	0.0	0.1	0.5	0.0	0.0	0.0	0.0	0.0	0.0	0.0	0.0	0.5	0.0	0.0	0.0	2.2	0.1	0.0	0.0
1996	1	0.0	0.0	0.0	0.0	2.0	0.0	1.3	0.6	0.0	0.0	0.0	0.0	0.0	7.2	3.7	0.0	0.0	0.0	0.0	0.0	0.0	0.0	0.0	0.0	0.0	0.0	0.0	0.0	0.1	0.0	1.4
1996	2	0.0	0.0	0.0	0.6	0.0	0.0	0.0	0.3	0.0	0.0	0.0	0.0	0.0	0.0	0.0	0.0	0.0	0.0	0.0	0.0	0.0	0.0	0.0	0.0	0.0	0.0	0.0	0.0	0.1
1996	3	0.1	0.0	0.0	0.0	0.0	0.0	9.5	0.0	0.0	0.0	0.0	0.0	0.0	0.0	0.0	21.8	1.8	0.0	0.0	0.0	9.5	0.3	0.0	4.4	0.1	0.0	0.0	0.0	15.1	15.3	0.0
1996	4	0.0	0.0	0.0	0.0	0.0	7.7	0.2	0.0	0.0	0.0	0.0	0.0	0.0	0.0	0.0	2.5	17.5	0.0	0.0	0.0	0.0	0.0	0.0	0.0	0.0	0.0	0.0	0.0	12.4	21.7
1996	5	3.5	3.1	0.0	4.2	0.0	0.0	0.1	12.3	0.0	0.0	0.0	0.0	0.0	0.0	0.0	0.0	0.0	0.0	0.2	5.5	0.4	0.0	0.0	0.0	0.0	0.0	0.0	0.0	0.0	0.0	0.0
1996	6	0.0	0.0	0.1	0.0	0.0	0.0	0.3	0.0	0.0	67.9	0.0	0.0	0.0	0.0	0.0	3.2	83.2	18.9	0.0	5.8	2.0	0.0	0.0	22.2	0.0	0.0	7.8	7.0	30.9	0.4
1996	7	19.3	0.0	0.0	19.5	0.0	0.0	0.0	0.0	0.0	0.0	0.0	0.4	1.3	0.1	51.3	5.5	18.1	0.0	0.0	15.1	33.2	41.6	0.0	14.3	0.0	168.6	50.0	74.0	0.5	0.0	0.0
1996	8	0.0	0.0	0.0	6.7	3.3	0.1	0.0	7.3	0.0	0.0	0.0	11.0	33.3	0.0	0.0	0.0	0.0	0.0	0.0	0.0	0.0	0.3	0.0	0.0	4.2	32.1	21.4	7.0	1.1	4.6	0.0
1996	9	0.0	0.0	0.0	0.0	0.0	0.3	0.0	0.1	1.7	0.0	0.0	0.0	0.0	0.0	0.0	0.3	0.0	0.0	8.6	0.0	0.0	0.0	0.0	0.0	0.0	0.0	0.0	0.0	0.0	0.0
1996	10	0.0	4.0	15.5	0.0	0.0	21.9	0.0	0.0	0.0	0.0	0.0	0.0	0.0	0.0	0.0	0.0	0.0	0.0	0.0	0.0	0.0	0.0	0.0	48.9	0.0	0.0	0.0	0.0	0.0	0.0	0.0
1996	11	11.0	0.0	0.0	6.3	11.2	0.0	0.0	2.8	7.9	0.0	0.0	0.0	0.0	0.0	0.0	0.0	4.2	0.0	0.0	5.8	0.0	0.0	3.5	0.0	0.0	3.4	0.5	1.4	0.7	4.2
1996	12	0.0	0.0	0.0	9.8	0.1	0.0	0.0	0.0	0.0	0.0	0.0	0.0	0.0	0.0	0.0	0.0	1.0	0.0	0.0	0.0	0.0	0.1	0.0	0.0	0.0	0.0	0.0	0.0	0.0	0.0	0.0
1997	1	12.0	0.3	0.0	0.0	0.2	0.7	0.4	0.0	0.0	0.0	0.0	0.0	1.9	0.0	0.0	0.0	0.0	0.0	0.0	0.0	0.0	0.0	0.0	0.0	0.0	0.0	0.0	0.0	0.4	0.0	0.9
1997	2	0.0	0.0	0.0	0.0	0.0	0.0	0.0	0.0	0.0	0.0	0.0	0.0	0.0	0.0	2.5	0.0	0.0	0.2	0.0	0.0	0.0	0.0	0.0	0.0	14.7	0.0	0.0	22.2
1997	3	0.0	0.0	0.0	0.0	0.0	18.1	0.1	0.0	0.0	0.1	0.0	0.0	0.0	6.2	0.7	0.0	0.0	0.0	0.0	0.0	0.0	0.0	0.0	0.0	0.0	0.0	0.0	0.0	0.1	0.0	0.0
1997	4	2.2	22.8	0.0	0.8	3.3	20.8	0.0	0.0	0.0	0.0	0.0	0.0	0.0	0.0	0.0	1.3	0.0	0.0	0.0	0.0	0.0	0.0	0.0	0.0	0.2	0.0	0.0	0.0	4.7	0.0
1997	5	0.0	0.1	0.0	1.9	0.0	3.8	90.4	2.8	0.0	0.0	0.0	39.8	73.5	3.0	1.5	0.0	0.0	0.0	9.2	0.0	0.0	0.0	15.4	1.0	0.0	0.0	0.2	5.7	6.6	36.4	0.0
1997	6	12.2	0.0	0.0	0.6	5.8	0.0	0.0	0.0	0.0	0.0	0.0	0.0	0.0	0.0	0.0	0.0	0.0	0.0	0.0	1.1	0.0	0.0	0.0	0.0	58.9	23.8	6.7	0.0	0.0	0.9
1997	7	127.7	1.8	5.4	29.8	14.2	2.4	0.0	0.0	0.0	0.0	0.0	2.3	0.0	0.0	54.7	48.5	0.0	0.0	0.0	0.0	0.0	0.0	0.0	1.3	0.3	0.0	0.0	0.0	0.0	11.2	0.0
1997	8	0.0	0.0	38.8	53.4	0.0	0.0	0.0	5.5	0.0	0.0	0.0	0.0	0.0	0.0	0.0	0.0	0.0	0.0	6.6	4.9	6.0	0.0	0.0	0.0	0.0	0.0	0.0	0.0	0.2	0.3	1.5
1997	9	1.7	23.9	0.0	0.0	0.0	0.0	0.0	0.0	0.0	8.1	0.0	0.0	3.5	0.0	0.0	0.2	0.0	0.0	0.0	0.5	0.0	0.0	0.0	0.0	10.3	28.7	0.0	0.0	0.0	0.0
1997	10	0.0	0.0	0.0	0.0	0.0	0.0	4.0	1.2	0.0	0.3	0.0	0.0	10.5	0.0	0.0	2.3	23.4	0.0	0.0	0.0	0.0	0.0	0.0	0.0	0.3	0.0	0.0	0.0	3.5	0.0	0.0
1997	11	0.0	0.0	0.0	0.0	0.0	0.0	0.0	0.0	0.0	0.0	0.0	28.0	0.0	5.0	0.0	0.0	0.5	0.0	0.0	0.0	9.8	0.3	0.0	0.0	27.8	3.5	0.0	1.1	17.8	0.0
1997	12	0.0	0.0	0.0	0.0	0.0	17.5	8.2	4.9	0.0	0.0	2.8	0.0	0.0	4.3	0.0	0.0	0.0	0.0	0.0	0.0	0.0	0.0	0.0	0.0	0.0	0.0	0.4	0.0	0.0	0.0	0.0
1998	1	3.2	0.0	0.0	0.8	0.3	0.0	0.0	2.3	0.0	0.0	0.0	0.6	0.0	0.0	0.0	0.0	0.4	0.0	0.0	2.5	0.0	0.0	0.0	0.0	0.1	0.2	0.0	0.0	0.0	0.0	0.0
1998	2	0.0	0.0	0.0	0.0	0.0	0.0	0.0	0.0	8.0	0.0	2.3	4.8	6.5	0.0	0.0	0.0	0.0	0.0	2.6	2.4	0.4	0.0	0.0	0.0	0.0	0.0	5.3	0.0
1998	3	0.0	0.0	0.0	0.0	0.0	0.0	0.0	0.0	0.0	0.0	3.1	0.2	0.0	0.0	0.0	0.0	0.0	0.0	38.7	0.0	0.0	0.0	0.0	0.0	0.0	3.1	0.0	0.0	0.0	0.0	0.0
1998	4	31.8	0.0	0.0	0.0	19.1	0.0	0.0	0.7	0.0	0.0	0.0	27.4	2.9	0.0	0.0	0.0	0.5	0.0	0.0	0.0	0.0	26.5	0.5	6.8	0.4	3.6	0.0	0.0	0.0	0.0
1998	5	1.0	76.7	1.3	0.0	0.0	0.0	0.2	1.1	0.0	0.0	9.2	11.3	0.0	0.0	0.0	20.4	0.3	0.0	0.0	0.0	0.0	0.0	0.0	0.0	0.0	0.0	0.0	0.0	0.0	0.0	0.0
1998	6	0.0	14.2	15.6	0.5	10.5	0.0	0.0	0.0	0.0	0.0	0.0	0.0	13.6	10.1	0.0	0.0	0.0	0.3	6.7	0.0	0.0	0.0	0.0	0.0	85.7	30.5	0.3	0.0	0.0	46.1
1998	7	23.1	83.0	0.4	0.0	0.0	0.8	0.0	36.5	12.7	37.3	38.2	0.2	0.0	7.5	1.9	0.5	0.0	3.2	13.2	0.0	21.9	0.0	0.0	0.0	0.0	1.0	0.0	0.0	0.0	0.0	30.4
1998	8	19.3	11.5	46.3	211.4	79.3	122.9	45.5	332.8	0.6	69.4	31.5	13.4	0.0	108.9	71.3	2.5	5.2	0.2	0.4	0.0	0.0	0.0	33.9	2.5	0.0	0.0	29.0	0.0	0.0	0.0	0.0
1998	9	2.8	0.0	0.0	0.0	76.7	0.0	1.3	0.0	0.0	0.0	0.0	0.0	0.0	0.0	2.6	0.0	0.0	0.0	0.0	6.0	30.0	0.0	0.4	2.2	0.0	0.0	0.0	0.0	9.4	46.5
1998	10	2.3	0.0	0.0	0.0	0.0	0.0	0.0	0.0	0.0	0.0	0.0	10.0	2.5	11.7	0.0	0.0	0.0	0.0	0.0	0.0	0.0	0.0	0.0	0.0	0.0	0.0	0.4	0.0	0.0	0.5	0.0
1998	11	0.0	12.0	0.0	0.0	0.0	0.0	0.0	0.5	0.0	0.0	0.0	0.0	0.0	0.0	0.0	4.7	0.0	0.0	1.6	0.0	1.6	0.9	1.4	0.8	0.0	0.0	3.4	0.0	0.0	0.0
1998	12	0.0	0.0	0.0	0.0	0.0	0.0	0.9	0.0	0.0	0.0	2.7	0.0	0.0	0.0	0.0	0.0	0.0	0.0	0.0	0.0	0.0	0.0	0.0	0.0	0.0	0.0	0.0	0.1	0.0	0.0	0.0
1999	1	0.0	0.1	0.0	0.0	0.0	1.8	0.0	0.0	0.0	0.0	0.0	0.0	0.0	0.0	0.0	0.0	0.0	0.0	0.0	0.0	0.0	0.0	0.0	0.0	3.0	0.0	0.7	0.1	4.5	0.0	0.0
1999	2	0.0	0.0	0.0	0.0	0.0	0.0	0.0	0.0	0.0	0.0	1.4	0.0	0.0	0.8	0.0	0.0	0.0	0.0	0.0	0.0	0.0	0.0	0.0	0.7	0.0	0.0	0.0	0.0
1999	3	0.0	0.0	0.0	0.0	5.1	0.0	0.0	0.0	0.0	0.0	0.0	0.0	0.0	0.0	0.0	0.0	0.0	42.2	1.6	0.0	3.0	0.0	0.0	0.0	0.0	3.1	0.0	0.0	0.0	0.0	0.0
1999	4	10.5	0.0	0.0	0.0	14.8	0.2	0.0	0.0	25.1	22.5	0.0	17.9	6.2	0.0	0.0	0.0	0.0	0.0	0.0	0.0	0.0	0.0	0.0	0.0	0.0	0.0	0.0	0.0	0.0	0.0
1999	5	0.0	0.0	44.5	0.0	0.0	0.0	0.0	0.0	0.3	0.0	0.0	0.0	0.0	0.0	1.4	0.0	0.0	33.2	1.7	0.0	0.0	0.0	1.3	23.9	0.0	1.4	2.0	0.0	0.0	0.0	0.0
1999	6	10.0	29.1	0.0	0.0	0.0	1.7	0.0	0.0	0.0	0.0	0.0	0.0	0.0	0.0	0.0	11.6	0.0	0.0	0.0	0.0	39.5	14.4	25.3	0.0	0.0	0.2	0.0	0.0	0.0	0.0
1999	7	0.0	0.0	0.0	0.7	0.0	0.0	0.0	0.0	17.9	19.1	0.0	0.0	0.0	0.0	6.1	1.8	0.0	0.2	0.0	0.0	2.7	40.0	0.0	0.0	13.5	0.0	0.4	58.2	12.0	11.6	46.2
1999	8	163.5	261.6	66.9	0.0	0.0	0.0	0.0	0.4	0.0	0.0	1.2	0.0	0.0	0.0	0.0	0.0	0.0	0.5	0.0	6.9	0.7	0.0	0.0	12.5	0.0	0.5	18.2	0.0	0.0	61.3	6.3
1999	9	0.0	0.0	0.0	0.0	66.6	0.0	14.8	0.0	0.2	4.5	0.0	0.0	0.0	0.0	0.0	0.0	0.0	22.6	101.4	113.6	41.3	0.6	1.0	10.7	0.0	0.0	0.0	0.0	0.0	0.0
1999	10	17.3	15.3	0.0	0.0	0.0	0.0	5.5	0.0	0.0	14.8	3.4	0.0	0.0	0.0	0.0	0.0	1.8	0.0	0.0	0.0	0.0	0.0	0.0	0.0	0.0	0.0	0.0	2.4	0.0	0.0	21.1
1999	11	1.7	0.0	0.0	0.0	0.0	0.0	0.0	0.0	0.0	0.0	9.0	1.6	0.0	0.0	0.0	0.0	0.0	0.0	0.0	1.1	0.0	0.0	0.0	5.9	0.0	0.0	0.0	0.0	0.1	0.1
1999	12	0.0	0.0	0.0	0.0	0.0	0.0	0.0	0.5	0.0	0.0	0.0	3.2	0.0	2.4	0.0	6.0	0.0	0.0	0.0	0.0	0.0	0.0	0.0	3.6	0.0	0.0	0.0	1.3	0.0	0.0	0.0
2000	1	0.0	6.0	0.0	0.0	18.4	9.8	0.0	0.5	0.0	0.1	0.0	3.9	1.7	0.0	0.0	0.0	0.0	0.0	0.8	0.0	0.0	1.2	0.4	0.0	0.0	0.0	0.0	0.0	0.0	0.0	0.0
2000	2	0.0	0.0	0.0	0.0	0.5	0.7	0.0	0.0	0.0	0.0	0.0	0.0	0.0	0.9	0.0	0.0	0.0	0.0	0.0	0.0	0.0	0.0	0.0	0.0	0.0	0.0	0.0	0.0	0.0
2000	3	0.0	0.0	0.0	0.0	0.0	0.0	0.0	0.0	0.0	0.0	0.0	0.0	0.0	0.0	0.0	0.1	0.0	0.0	0.4	0.0	0.0	0.0	1.2	0.0	0.0	0.0	1.2	0.1	0.1	0.0	0.0
2000	4	0.0	0.0	0.0	0.0	0.0	0.0	0.0	0.0	0.8	4.2	0.0	0.0	0.0	0.0	1.4	0.0	0.0	0.0	4.0	0.0	9.0	4.1	0.0	0.0	0.5	3.1	3.6	0.0	0.0	0.0
2000	5	0.0	0.0	0.0	0.0	1.8	1.8	0.0	0.0	0.0	20.0	7.6	0.0	0.0	0.0	0.0	0.6	0.0	0.0	27.0	0.0	0.0	0.0	0.0	0.0	0.0	3.1	13.3	0.0	0.0	0.0	0.0
2000	6	0.3	0.0	0.0	0.0	0.0	0.0	0.0	0.4	0.0	3.2	0.0	0.0	0.0	0.0	0.0	0.0	0.0	0.0	0.0	0.0	0.0	9.8	0.3	0.0	0.0	7.5	21.4	0.0	21.5	3.7
2000	7	0.0	0.0	0.0	0.1	0.0	0.0	0.0	0.0	0.0	0.0	23.0	4.0	0.0	0.0	0.0	0.0	0.0	2.0	15.8	1.7	0.0	60.6	0.0	0.0	0.0	0.0	0.0	0.0	5.6	1.5	0.4
2000	8	0.0	0.0	0.2	32.7	3.4	7.9	43.4	0.0	14.5	0.0	0.0	0.0	0.0	0.0	0.0	0.0	0.0	0.0	14.2	71.1	27.2	0.0	3.3	10.1	122.9	89.3	26.1	82.3	0.0	0.0	50.8
2000	9	7.1	0.0	9.5	0.0	0.0	5.8	0.1	0.6	0.3	0.0	0.0	0.0	8.2	16.7	60.8	68.8	0.1	0.0	0.0	0.0	0.0	0.0	0.0	0.0	0.0	0.0	0.0	0.5	0.0	0.0
2000	10	0.0	0.4	0.0	0.0	0.0	0.0	0.0	0.0	0.0	0.1	2.6	0.0	0.0	0.0	0.0	0.0	0.6	0.0	0.0	0.0	0.0	0.0	0.4	11.8	2.2	0.0	0.0	0.0	0.0	0.0	0.0
2000	11	0.0	0.0	0.0	0.0	0.0	0.0	0.0	0.0	0.0	1.4	0.0	0.0	0.0	0.0	0.0	8.8	0.0	0.0	3.2	10.9	0.0	0.0	0.0	0.0	0.0	2.8	0.0	0.0	0.0	0.0
2000	12	0.0	0.0	0.0	0.9	0.0	0.0	0.0	0.0	0.0	2.2	0.0	0.0	0.0	0.7	4.7	0.0	0.0	3.2	0.1	0.0	0.0	0.0	13.9	0.3	0.6	0.0	0.0	0.0	0.0	0.4	0.0
2001	1	1.2	0.0	0.0	0.0	0.0	0.0	21.7	0.0	8.9	0.3	0.2	0.0	0.0	0.0	0.0	0.0	0.0	0.0	0.0	1.2	0.0	0.0	0.0	0.0	0.0	0.0	1.9	0.0	0.0	0.0	4.0
2001	2	0.0	0.1	0.0	0.0	0.0	0.0	0.0	0.1	0.5	0.0	0.0	0.0	0.0	0.0	23.2	0.0	0.0	0.0	0.0	0.0	0.0	0.0	8.2	4.9	0.0	0.0	7.7	1.0
2001	3	0.0	0.0	11.2	0.8	0.0	0.0	0.0	0.0	0.0	0.0	0.0	0.0	0.0	1.0	0.0	0.0	0.0	0.0	0.0	0.0	0.0	0.0	0.0	0.0	0.0	0.0	2.4	2.7	0.0	0.0	0.0
2001	4	0.0	0.0	0.0	0.0	0.0	0.0	0.0	0.0	0.0	0.0	6.5	0.0	0.8	4.3	0.0	0.0	0.0	0.0	0.0	0.0	0.0	0.0	0.0	0.0	0.0	0.0	0.0	0.0	0.0	0.7
2001	5	0.1	0.0	0.0	0.8	0.0	0.0	5.4	0.0	1.5	0.0	0.0	0.0	0.0	0.0	0.7	0.0	0.0	0.1	0.0	0.0	0.0	7.9	0.0	0.0	0.0	0.0	0.0	0.0	0.0	0.0	0.0
2001	6	0.0	0.0	0.0	0.0	0.0	0.0	0.0	0.0	0.0	0.0	0.0	0.1	0.2	1.5	0.0	0.0	6.5	36.0	0.5	2.9	0.0	1.8	2.4	7.8	0.0	0.0	1.1	0.0	42.7	53.9
2001	7	0.0	0.0	2.2	0.0	21.1	0.0	0.0	0.0	0.0	16.0	1.0	0.0	0.0	36.7	273.4	0.0	0.0	0.0	0.0	3.5	24.3	19.7	26.5	1.2	0.0	0.0	0.0	0.0	147.6	69.6	55.6
2001	8	48.2	0.0	0.0	0.0	0.1	0.3	17.7	5.0	0.0	0.0	0.0	0.3	84.5	25.9	51.6	0.0	0.0	0.0	0.0	0.0	0.0	0.0	0.0	0.0	0.0	0.0	0.0	0.0	18.4	0.0	0.0
2001	9	0.0	0.0	0.0	0.0	0.0	43.4	0.0	0.0	0.0	0.0	0.0	0.0	0.0	0.0	0.0	0.0	0.3	0.0	0.0	0.0	0.0	0.0	0.0	0.2	0.0	0.0	0.0	0.0	0.0	5.4
2001	10	13.5	0.0	0.1	8.0	0.0	0.0	0.0	0.0	38.0	8.3	0.0	0.0	0.0	0.0	0.0	0.0	0.0	0.0	0.0	0.0	0.0	0.0	0.0	0.0	0.0	0.0	0.0	0.3	0.0	0.0	0.0
2001	11	7.0	0.0	0.0	0.0	3.3	0.0	0.0	0.1	0.1	0.0	0.0	0.0	0.0	0.0	0.0	0.0	0.0	0.0	0.0	0.0	0.0	0.0	0.0	1.0	0.0	0.0	0.0	0.0	1.5	0.0
2001	12	2.0	0.0	0.0	0.0	0.0	0.0	0.0	0.0	0.0	0.0	0.0	5.5	0.2	0.0	0.0	0.0	0.1	0.0	0.0	0.0	0.0	0.0	0.0	0.0	0.0	0.0	0.0	0.0	1.2	0.0	6.7
2002	1	0.0	0.0	0.0	0.0	0.0	0.0	1.5	0.0	0.0	0.0	0.0	0.0	0.0	1.0	13.5	8.5	1.5	0.0	0.0	6.5	4.0	0.0	0.0	0.0	0.0	0.5	0.0	0.0	0.4	0.0	0.0
2002	2	0.0	0.0	0.0	0.0	0.0	0.0	0.0	0.0	0.0	0.0	0.0	0.0	0.0	0.0	0.0	0.0	1.4	0.0	0.0	0.0	1.0	0.0	0.0	0.0	0.0	0.0	0.0	0.0
2002	3	0.0	0.0	0.0	0.0	0.5	2.5	0.0	0.0	0.0	0.5	0.0	0.0	0.0	0.0	1.0	0.0	0.0	0.0	0.0	0.0	17.0	0.0	0.0	0.0	0.0	0.0	0.0	0.0	0.0	10.0	0.0
2002	4	0.0	0.0	0.0	0.0	1.0	24.5	0.1	0.0	0.0	0.0	0.0	8.5	0.0	0.0	0.0	20.5	0.0	0.0	0.0	0.0	0.0	0.0	0.0	0.0	0.0	0.0	0.0	0.0	70.0	30.5
2002	5	0.0	3.0	9.0	0.0	0.0	6.0	21.5	0.0	0.0	0.0	0.0	0.0	0.0	0.0	8.0	3.5	1.5	0.0	0.0	0.0	0.0	0.0	0.0	0.0	0.0	0.0	0.0	0.0	0.0	4.0	1.5
2002	6	0.2	0.0	0.0	1.5	0.0	0.0	0.0	0.0	0.0	31.5	0.0	15.5	0.0	0.0	0.2	0.0	0.0	0.0	0.0	5.0	0.0	0.0	1.5	6.0	0.0	0.0	0.0	0.0	0.0	0.0
2002	7	0.5	5.0	0.0	0.0	46.0	25.0	0.0	0.0	0.0	0.0	0.0	0.0	2.5	22.0	0.5	0.0	0.0	0.0	60.5	0.5	0.0	14.0	42.0	0.1	0.0	0.0	0.0	0.0	1.0	1.0	0.0
2002	8	0.1	0.4	8.0	120.0	22.0	151.5	178.0	0.5	0.0	8.0	3.5	2.0	0.0	0.0	0.0	0.0	8.5	16.0	11.5	0.0	0.0	12.0	15.0	0.0	0.0	6.0	78.5	0.0	0.0	1.0	45.5
2002	9	9.5	0.0	0.0	0.0	2.0	0.0	0.0	0.0	0.0	0.0	0.0	0.5	0.0	5.5	0.2	0.5	0.0	0.0	0.0	0.0	12.0	0.0	0.0	0.0	0.0	0.0	0.0	20.0	10.5	0.4
2002	10	0.0	4.5	2.0	0.0	3.0	6.5	0.0	0.0	0.0	0.0	0.0	0.0	10.5	0.0	3.5	0.0	0.0	0.0	0.0	0.5	0.5	0.0	0.0	3.5	3.0	7.5	0.0	0.0	0.0	0.0	0.0
2002	11	0.0	0.0	0.0	0.0	0.0	0.0	1.0	0.0	0.0	0.0	0.0	0.0	0.0	0.0	0.0	0.0	7.0	0.0	0.0	4.0	0.0	0.0	0.0	0.0	0.0	0.0	0.0	0.0	0.5	0.0
2002	12	0.0	0.0	0.0	0.0	0.0	0.0	0.0	5.0	0.0	0.0	0.0	0.0	0.0	0.0	0.0	0.5	0.0	0.0	0.0	0.0	0.0	0.0	7.0	1.0	0.7	0.0	0.0	0.0	0.0	0.7	0.1
2003	1	0.0	0.0	1.3	0.2	0.0	0.0	0.0	0.0	0.0	0.0	0.0	0.0	0.0	0.0	0.0	0.0	4.5	0.0	0.0	0.0	0.0	1.0	0.0	0.0	0.0	1.5	5.6	0.0	0.0	0.0	0.0
2003	2	0.0	0.0	0.0	0.0	0.0	0.0	0.0	3.0	0.0	0.5	1.5	0.1	0.0	0.0	0.0	0.0	0.0	0.0	0.0	0.0	13.5	19.0	1.0	0.5	0.0	0.5	0.0	0.0
2003	3	0.5	5.0	2.5	0.0	0.0	3.5	5.2	0.5	0.0	0.0	0.0	0.0	0.0	0.0	0.0	6.5	1.5	0.0	0.0	0.0	0.1	0.0	0.0	0.0	0.0	0.0	1.5	0.0	0.0	0.0	0.0
2003	4	0.0	0.0	0.0	0.0	0.0	0.0	6.0	1.5	0.1	0.0	12.0	0.0	0.0	0.0	0.0	0.0	0.0	32.0	7.5	7.0	0.0	2.5	13.0	0.0	19.0	0.0	0.0	0.0	39.0	0.0
2003	5	0.0	0.0	0.0	0.0	0.0	7.0	89.5	0.0	0.0	0.0	0.0	0.0	0.0	0.0	0.0	0.0	0.0	0.0	0.0	0.0	0.0	0.0	0.0	0.5	6.0	0.0	0.0	0.0	0.0	3.0	0.0
2003	6	0.0	0.0	0.0	0.0	0.0	3.5	0.0	0.0	0.0	0.0	9.5	22.0	0.0	0.5	12.0	6.5	0.0	0.0	0.0	0.0	0.0	0.0	26.0	13.5	3.0	0.0	51.5	0.5	7.5	0.0
2003	7	0.3	1.5	14.0	0.0	0.0	0.0	0.0	0.0	44.0	0.5	0.0	2.0	0.5	0.0	0.0	0.0	0.5	58.5	7.0	22.0	1.5	173.5	3.0	9.5	18.5	0.0	49.5	29.0	16.5	0.0	0.0
2003	8	0.0	19.0	29.0	0.0	2.0	28.5	50.0	0.0	0.0	4.0	3.5	0.0	0.0	0.0	0.0	0.0	0.2	5.0	33.5	146.5	10.0	1.5	75.5	177.0	4.0	0.0	75.0	9.5	0.0	10.0	0.5
2003	9	0.0	24.5	2.5	0.0	34.5	0.0	19.0	1.5	55.5	0.0	0.0	16.5	3.0	0.0	0.0	0.0	0.0	101.0	0.2	0.0	0.0	0.0	0.0	0.0	0.0	0.0	0.0	0.0	0.0	0.0
2003	10	5.5	0.0	0.0	0.0	0.0	0.0	0.0	0.0	0.0	0.0	0.0	2.5	7.5	0.0	0.0	0.0	0.0	0.0	0.0	0.0	6.0	1.5	0.0	0.0	5.5	0.0	0.0	13.0	0.0	0.0	0.0
2003	11	0.0	0.0	0.0	0.0	0.0	0.0	10.5	14.0	0.0	0.2	16.5	4.5	0.0	0.0	0.2	0.0	0.0	0.0	0.0	6.0	0.0	0.0	0.0	0.0	6.5	1.0	0.2	9.5	0.2	0.0
2003	12	0.0	0.0	0.0	0.0	1.0	0.5	0.0	0.7	0.0	0.0	0.0	0.0	0.0	0.0	0.0	0.2	3.5	0.0	0.0	0.0	0.0	0.0	0.0	0.0	0.0	0.0	0.0	0.0	1.0	0.0	0.0
2004	1	0.0	3.0	0.0	0.0	0.0	0.0	0.0	0.0	0.0	0.0	0.0	1.9	0.0	0.0	0.0	0.0	7.9	4.8	0.0	2.2	0.0	0.0	0.0	0.0	0.0	0.0	0.0	0.0	0.0	0.0	0.0
2004	2	0.0	0.0	0.0	0.0	0.0	0.4	0.0	0.0	0.0	0.0	0.0	0.0	0.0	0.4	0.0	0.0	0.0	0.0	0.0	0.0	46.0	6.5	0.0	0.0	0.0	0.3	0.0	1.0	0.0
2004	3	0.0	0.0	0.0	14.6	0.0	0.0	0.0	0.0	0.0	0.0	0.0	0.0	0.0	0.0	0.0	1.0	9.0	0.0	0.0	0.0	0.0	0.0	0.0	1.0	0.0	0.0	0.0	0.0	0.0	2.0	0.0
2004	4	10.5	2.0	0.0	0.0	0.0	0.0	0.0	0.0	0.0	0.0	0.0	0.0	0.0	0.0	0.0	0.0	0.0	2.5	15.5	0.0	0.0	0.1	0.0	0.0	0.0	30.5	13.0	0.0	0.0	0.0
2004	5	0.0	1.0	16.5	0.0	0.0	0.0	0.0	0.0	30.0	10.5	0.0	13.5	1.5	0.0	0.5	0.0	0.5	2.0	0.0	17.0	3.0	0.0	0.0	0.0	0.0	0.0	5.5	67.0	0.0	0.0	0.0
2004	6	0.0	0.0	0.0	0.0	0.0	0.0	0.0	0.0	0.0	0.0	0.0	0.0	0.0	0.0	0.0	0.0	21.0	1.5	84.0	11.0	0.0	20.0	0.5	0.0	0.0	0.1	0.0	0.0	0.0	0.0
2004	7	4.5	10.5	10.5	62.0	14.0	58.0	31.5	5.0	0.0	0.0	12.0	70.0	30.5	3.5	37.0	108.5	37.5	0.1	0.0	1.0	0.0	0.0	0.0	0.0	14.5	0.1	0.0	0.0	0.0	0.0	0.0
2004	8	0.0	0.0	0.0	39.5	0.5	0.0	0.0	0.2	0.0	0.0	0.0	0.0	0.0	3.0	0.0	33.5	33.0	43.5	39.0	0.0	0.0	0.1	0.0	0.0	0.0	1.0	0.0	0.0	0.0	0.0	0.0
2004	9	0.0	0.0	0.0	0.2	3.5	4.0	30.5	0.0	0.0	0.0	56.5	25.5	1.5	0.0	3.0	42.0	0.0	6.5	0.0	16.5	9.0	0.0	0.0	0.0	0.0	0.0	0.0	0.0	0.0	0.0
2004	10	1.0	0.0	0.0	0.0	0.0	0.0	0.0	0.0	0.0	0.0	0.0	5.5	0.0	0.0	0.0	0.0	0.0	0.0	0.0	0.0	0.0	0.0	0.0	0.0	0.0	0.0	0.0	0.0	0.0	0.0	0.0
2004	11	18.0	3.0	0.5	0.0	14.0	0.0	0.0	0.0	0.0	12.5	2.5	0.0	0.0	0.0	0.4	0.0	0.0	1.0	0.0	0.0	0.0	0.0	0.0	0.0	0.1	28.0	0.0	0.0	0.0	0.0
2004	12	0.0	0.0	0.0	15.0	0.0	8.0	0.0	0.0	0.0	0.0	0.0	0.0	0.0	0.0	4.0	0.0	0.0	0.0	0.2	0.0	0.0	0.0	0.0	0.0	0.0	0.0	0.0	0.0	0.0	0.0	0.0
2005	1	0.0	0.0	1.5	0.0	0.0	0.0	0.0	0.0	0.0	0.0	0.0	0.0	0.0	0.0	0.0	0.3	0.0	0.5	0.0	0.0	0.0	0.0	0.0	0.0	0.0	0.0	0.0	0.0	2.2	0.0	0.0
2005	2	0.0	0.0	0.0	0.0	0.0	0.0	0.0	0.0	0.0	0.0	0.0	0.0	0.0	0.0	5.0	9.0	0.0	0.0	0.2	0.0	0.0	3.0	0.0	0.0	0.0	0.0	0.0	0.0
2005	3	0.0	2.4	0.0	0.0	0.0	0.0	0.0	0.0	0.0	0.5	0.5	0.0	0.0	0.0	0.0	0.0	7.0	0.0	0.0	0.0	0.0	2.0	0.0	0.1	0.0	0.0	0.0	0.0	0.0	0.0	0.0
2005	4	0.0	0.0	3.5	0.0	0.0	7.0	0.0	0.0	41.5	17.0	0.0	0.0	0.0	0.0	0.0	0.0	0.0	4.5	15.0	6.0	0.0	0.0	0.0	0.0	0.0	0.0	0.2	0.0	0.0	0.0
2005	5	0.3	0.0	0.0	0.0	16.5	13.5	0.0	0.0	0.0	0.0	1.5	1.0	0.0	0.0	0.0	0.0	26.5	25.0	0.0	0.0	0.0	1.5	0.0	0.0	0.0	0.0	0.0	0.0	0.0	0.0	0.0
2005	6	2.5	0.5	0.0	0.0	0.0	0.0	0.0	0.0	0.0	13.5	0.0	0.0	0.0	3.0	0.5	0.0	1.5	0.0	0.0	0.0	0.0	0.0	0.0	0.0	0.0	95.5	37.0	0.0	13.5	1.0
2005	7	55.0	1.0	17.5	0.0	0.0	0.0	8.5	11.0	40.0	0.0	15.5	0.0	1.5	0.0	0.0	0.0	0.2	0.0	0.0	0.0	0.0	0.0	0.0	3.0	0.0	0.0	0.2	115.0	0.0	0.0	1.0
2005	8	26.5	0.5	19.0	0.0	0.0	0.5	0.0	16.0	15.0	57.5	25.0	1.0	0.5	0.0	0.5	0.0	4.5	8.0	6.5	0.5	0.0	0.0	0.0	39.5	38.5	0.0	0.0	25.5	0.0	0.0	0.0
2005	9	0.1	0.5	0.0	0.0	0.0	0.0	0.0	0.0	2.5	0.0	0.0	0.1	90.5	0.0	0.0	0.0	74.0	0.5	0.0	0.1	40.0	0.5	0.0	0.0	0.0	0.0	0.0	0.0	0.0	104.5
2005	10	14.5	0.0	0.1	0.0	0.0	0.0	19.5	0.0	0.0	0.0	0.0	0.0	0.0	2.0	0.0	0.0	0.0	0.0	0.0	0.0	13.5	0.0	0.0	0.0	0.0	0.0	0.0	3.0	0.0	0.0	0.0
2005	11	0.0	0.0	0.5	0.0	0.1	30.0	1.0	0.0	0.0	0.0	0.0	0.0	0.0	0.0	0.0	0.0	0.0	0.0	0.0	0.0	0.3	0.0	0.2	0.0	0.0	0.0	3.5	9.0	0.0	0.0
2005	12	0.3	0.0	5.0	1.8	0.0	0.0	0.0	0.0	0.0	0.0	0.0	0.0	0.0	0.0	0.0	0.0	0.0	0.8	0.0	0.0	1.1	0.4	0.1	0.0	0.5	0.0	0.0	0.0	0.0	0.3	0.0
2006	1	0.0	0.0	0.0	0.0	0.0	0.0	0.0	0.0	0.3	0.0	0.0	6.5	26.5	0.0	0.0	0.0	0.0	0.0	0.0	0.0	0.0	0.0	0.0	0.0	0.0	0.0	0.0	0.0	0.0	0.0	1.0
2006	2	0.0	0.0	0.0	0.0	0.0	0.0	8.4	0.0	0.9	0.0	0.0	0.0	0.1	5.5	0.0	0.0	0.0	0.0	0.0	0.0	0.0	0.5	0.0	0.0	0.0	0.2	0.0	0.1
2006	3	3.8	1.0	0.0	3.0	0.0	0.0	0.0	0.0	0.0	0.0	0.0	0.0	0.0	0.0	0.0	4.5	0.0	0.0	0.0	0.0	0.0	0.0	0.0	0.0	0.0	0.0	0.0	0.2	1.5	0.0	0.0
2006	4	16.5	0.5	0.0	1.5	0.0	0.0	0.0	0.0	0.1	11.5	0.0	0.0	0.0	0.0	0.0	0.0	0.0	0.0	16.0	0.0	0.0	0.0	3.5	0.0	0.0	0.0	0.2	0.0	0.0	2.0
2006	5	0.0	0.0	0.0	0.2	3.5	93.0	0.0	0.0	0.0	0.3	0.0	0.0	0.0	0.0	0.0	0.0	0.0	0.0	0.0	0.0	0.0	30.5	0.0	0.0	0.0	0.0	27.5	1.0	0.2	0.0	0.0
2006	6	0.0	0.0	0.0	0.0	0.0	0.0	0.0	6.5	0.5	39.5	2.5	0.0	0.0	63.0	2.0	0.0	0.0	0.0	0.0	0.0	14.0	0.0	0.0	0.0	8.0	11.5	1.0	0.0	13.5	6.5
2006	7	4.5	0.0	0.0	4.0	2.5	13.0	10.0	0.0	3.5	19.0	0.5	226.5	18.5	0.1	69.0	241.0	42.5	31.0	0.5	4.5	3.5	9.5	0.0	0.0	0.3	5.0	195.0	88.0	22.0	0.1	0.0
2006	8	0.0	0.0	0.0	0.0	0.1	0.0	22.0	0.0	0.0	0.0	0.0	0.0	0.0	0.0	20.5	0.5	10.5	0.0	0.1	0.0	0.0	0.0	0.0	0.0	14.5	32.0	18.5	0.0	2.5	0.0	0.0
2006	9	0.0	0.0	0.0	0.0	0.1	3.5	0.0	0.0	4.5	0.0	0.0	0.0	0.0	0.0	0.0	0.0	2.0	0.5	0.0	0.0	0.0	0.0	0.0	0.0	0.0	0.0	0.0	0.5	0.0	0.0
2006	10	0.0	0.0	0.0	0.0	0.0	0.0	0.0	0.0	0.0	0.0	0.0	0.0	0.0	0.0	0.0	0.0	0.0	0.2	0.0	0.5	0.0	21.5	8.0	0.0	0.0	0.0	0.0	0.0	0.0	0.0	0.0
2006	11	0.0	0.0	1.5	0.0	7.0	17.0	0.0	0.0	2.5	0.0	0.0	0.0	3.0	0.0	3.5	0.0	0.0	0.0	0.0	0.0	0.1	0.0	0.0	0.0	0.0	0.0	12.0	0.5	0.0	0.5
2006	12	0.3	0.0	0.0	0.0	0.0	0.0	1.0	2.5	2.5	0.0	0.0	0.0	0.0	0.0	2.5	3.0	5.5	0.0	0.0	0.0	0.0	0.0	0.0	0.0	0.0	0.0	0.0	0.0	0.0	0.0	0.0
2007	1	0.2	0.5	0.0	0.0	0.0	9.0	0.0	0.0	0.0	0.0	0.0	0.0	0.0	0.0	0.0	0.0	0.0	0.0	0.0	0.0	0.0	0.0	0.0	0.0	0.0	0.1	0.0	0.0	0.0	1.0	0.0
2007	2	0.0	0.0	0.0	0.0	0.0	0.0	0.0	1.0	0.0	0.0	0.0	0.0	11.5	0.1	0.0	0.0	0.0	0.0	0.0	0.0	0.0	0.0	0.0	0.0	0.0	0.0	0.0	0.0
2007	3	0.0	22.0	0.2	34.0	2.0	0.0	0.9	1.0	0.0	1.0	0.0	0.0	0.0	0.0	0.0	0.0	0.0	0.0	0.0	0.0	1.0	0.0	0.4	10.5	0.0	0.0	0.5	10.5	18.0	0.0	21.5
2007	4	0.0	0.0	0.0	0.0	0.0	0.0	0.0	0.0	0.0	0.1	2.5	3.5	5.0	1.5	1.0	0.0	0.0	0.0	0.0	26.0	1.0	0.5	0.0	0.0	0.0	0.0	0.0	0.0	0.0	0.0
2007	5	2.5	0.0	0.0	0.0	0.0	0.0	0.0	0.0	5.5	0.0	0.0	20.0	0.0	0.1	0.0	42.0	4.5	13.0	0.0	0.0	0.0	0.0	0.0	49.0	1.0	0.0	0.0	0.0	0.0	0.0	0.0
2007	6	0.0	0.0	0.0	0.0	0.0	0.1	0.1	0.5	0.0	0.0	0.0	0.0	0.0	0.5	0.0	0.0	0.0	0.0	0.0	0.0	14.0	0.1	0.1	6.0	7.0	0.0	0.0	22.0	4.0	0.1
2007	7	31.0	76.0	1.0	31.5	0.0	0.0	0.0	0.0	0.5	3.5	35.5	0.0	0.0	0.0	0.0	35.5	2.5	0.0	29.5	0.4	0.2	0.0	0.0	19.0	0.5	0.0	0.0	0.0	7.5	0.0	0.0
2007	8	1.0	5.0	0.5	42.0	0.1	0.5	32.0	40.5	31.0	3.5	0.0	9.0	2.5	26.5	6.5	6.0	0.0	0.0	0.0	2.5	2.0	9.5	0.0	0.0	0.0	0.0	17.0	0.0	0.0	0.0	0.0
2007	9	22.0	0.3	2.0	0.5	2.0	19.0	0.0	0.0	1.5	0.0	0.0	0.0	0.0	44.5	15.5	3.5	0.0	36.5	48.5	18.0	6.5	0.0	0.4	0.5	0.0	0.0	19.5	0.5	0.2	0.5
2007	10	0.0	0.0	1.0	1.5	0.0	0.0	1.5	0.0	0.0	0.0	0.0	0.0	0.0	0.0	0.0	0.0	0.0	0.0	6.5	0.0	0.0	0.0	0.0	0.0	6.0	1.0	0.0	22.0	0.0	0.0	0.0
2007	11	0.0	0.0	0.0	0.0	0.0	0.0	0.0	0.0	0.3	0.0	0.0	0.0	0.0	0.0	0.3	0.0	2.0	0.0	5.5	0.3	2.5	0.0	15.0	0.0	0.0	0.5	0.0	0.0	0.0	0.0
2007	12	0.0	0.0	0.0	0.0	0.0	0.5	2.5	0.0	0.0	1.5	0.5	0.0	0.0	0.7	2.1	0.0	0.0	0.1	0.0	0.7	0.0	0.0	0.0	0.0	0.0	0.0	0.4	2.0	1.7	0.0	0.0
2008	1	0.0	0.0	0.0	0.0	0.0	0.0	0.0	0.0	0.0	0.0	6.7	0.0	0.0	0.0	0.0	0.0	0.0	0.0	0.0	0.0	4.5	6.5	0.0	0.0	0.0	0.0	0.0	0.0	0.0	0.0	0.0
2008	2	0.0	0.0	0.0	0.0	0.0	0.0	0.0	0.0	0.0	0.0	0.0	0.0	0.0	0.0	0.0	0.0	0.0	0.0	0.0	0.0	0.0	1.0	0.0	0.0	6.6	7.4	0.0	0.0	0.0
2008	3	0.0	0.2	0.0	4.0	0.0	0.1	0.0	0.0	0.0	0.0	0.0	0.0	0.4	0.0	0.0	0.0	0.0	0.0	0.0	0.0	0.0	7.0	27.5	1.0	0.5	0.0	0.0	0.0	13.0	0.2	0.0
2008	4	0.0	2.5	0.0	0.0	0.0	1.0	0.5	0.0	11.5	1.5	0.0	0.3	0.1	0.0	0.0	0.0	0.0	0.0	0.0	0.0	0.0	8.0	4.0	0.0	2.0	7.0	0.1	0.0	0.0	0.0
2008	5	0.0	0.0	0.0	1.0	0.1	0.0	9.5	0.0	0.0	0.0	0.0	0.0	1.5	0.0	0.0	0.0	0.0	30.0	0.1	0.0	4.0	0.0	0.0	0.0	0.0	0.0	0.0	51.5	0.0	0.0	0.0
2008	6	0.0	62.5	10.0	5.0	7.5	0.0	0.0	4.5	0.0	0.0	0.0	10.5	0.0	0.0	0.0	0.0	3.0	46.0	0.0	0.0	0.0	6.5	0.0	0.0	0.0	0.0	0.0	2.0	7.5	0.0
2008	7	0.0	14.5	9.0	0.1	5.0	0.0	0.5	0.0	0.0	0.0	0.0	50.5	11.5	0.0	0.0	10.5	0.0	0.0	108.5	124.0	5.0	0.1	7.0	127.5	24.0	32.0	0.1	0.0	0.0	0.5	0.5
2008	8	0.0	22.0	1.0	0.0	0.0	0.0	0.0	0.0	2.0	0.0	0.2	65.5	27.0	0.0	4.0	9.0	0.5	39.0	0.0	0.0	0.0	72.5	5.0	0.0	3.5	0.0	0.0	0.0	0.0	0.0	0.0
2008	9	72.5	5.5	0.0	0.0	0.2	0.0	0.0	0.0	0.0	0.0	0.5	0.0	0.0	0.0	0.0	0.0	0.0	0.0	0.0	7.0	0.0	6.5	0.0	0.0	7.0	0.0	0.0	0.0	0.0	0.0
2008	10	0.0	0.0	0.0	0.0	0.0	0.0	0.0	0.0	0.0	0.0	0.0	0.0	0.0	0.0	0.0	0.0	0.0	0.0	0.0	0.0	0.0	8.0	9.0	0.3	3.0	0.0	0.0	0.0	0.0	0.0	21.5
2008	11	0.0	0.0	0.0	0.0	0.0	0.0	0.0	0.0	1.5	0.0	0.0	0.0	0.0	0.0	3.5	0.0	0.0	0.0	0.0	1.0	0.0	0.0	0.0	0.0	0.0	0.0	13.0	0.4	0.2	0.0
2008	12	0.1	2.5	0.0	3.5	0.0	0.0	1.7	7.0	0.5	0.0	3.5	0.0	0.0	0.0	0.0	0.0	0.4	0.0	0.1	5.0	0.0	0.4	0.7	0.0	0.0	0.0	0.0	0.0	0.5	0.0	0.0
2009	1	0.0	0.0	0.0	0.0	0.0	0.0	0.0	0.0	0.0	0.0	0.0	0.0	0.0	0.0	0.0	3.3	0.0	0.0	0.0	0.0	0.0	0.0	0.0	2.0	0.4	0.0	0.0	0.0	0.0	0.0	0.0
2009	2	0.0	0.0	0.0	0.0	0.2	0.0	0.0	0.0	0.0	0.0	0.0	0.2	34.5	0.0	0.4	0.0	0.0	0.0	0.4	1.0	0.0	0.0	0.0	0.2	0.0	0.0	0.0	0.0
2009	3	0.0	0.0	6.5	0.0	9.0	0.0	0.0	0.0	0.0	0.0	0.0	3.5	19.5	0.0	0.0	0.0	0.0	0.0	0.4	0.0	10.5	8.5	0.0	0.0	0.0	6.0	0.0	0.0	0.0	0.0	0.0
2009	4	0.0	0.0	0.0	0.0	0.0	0.0	0.0	0.0	0.0	0.0	0.0	0.0	0.0	0.0	6.0	0.0	0.0	0.0	0.0	38.5	3.0	0.0	0.0	7.5	10.5	0.0	0.5	0.5	0.0	0.0
2009	5	0.0	1.5	0.0	0.0	0.0	0.0	0.0	0.0	0.0	0.0	36.5	7.0	0.0	0.0	0.5	21.5	3.0	0.0	0.0	0.0	38.0	0.5	0.5	0.0	0.0	0.0	0.0	0.0	0.0	0.0	0.0
2009	6	0.0	4.5	1.5	0.0	0.0	0.0	0.0	0.0	25.5	16.5	0.1	1.0	0.0	0.0	0.0	0.0	0.0	0.0	0.0	48.5	0.5	0.0	0.0	0.0	0.0	0.0	0.0	0.4	33.0	0.5
2009	7	0.0	96.5	0.5	3.0	0.0	1.0	1.0	0.0	190.0	0.0	1.0	114.5	5.0	140.5	0.0	0.0	56.5	14.5	0.1	0.5	0.0	0.0	0.0	1.0	22.5	10.5	0.2	0.5	0.1	0.0	0.0
2009	8	21.5	1.5	0.0	0.0	0.0	0.5	0.5	0.5	0.0	0.0	113.5	80.5	0.0	0.0	0.0	0.0	0.2	0.1	0.0	19.5	0.0	0.0	0.0	0.0	9.0	14.5	17.0	0.0	0.0	6.5	0.0
2009	9	0.0	0.0	0.0	0.0	0.0	0.0	0.0	0.0	0.0	0.0	7.0	23.5	0.0	0.0	0.0	0.0	0.0	0.0	0.0	0.0	30.5	0.0	0.0	0.0	0.0	0.0	0.5	2.0	1.0	0.0
2009	10	0.0	0.0	4.0	0.0	0.0	0.0	0.0	0.0	0.0	0.0	0.0	0.0	13.0	0.4	0.0	2.5	13.5	0.0	10.0	0.0	0.0	0.0	4.0	0.0	0.0	0.0	0.0	0.0	0.0	0.0	19.5
2009	11	4.0	0.0	0.0	0.0	0.3	0.1	4.5	34.0	0.0	0.0	0.0	0.0	2.5	0.0	0.0	0.0	0.0	0.0	0.0	0.5	0.0	1.0	0.0	0.0	1.5	0.0	0.0	0.0	4.0	0.0
2009	12	0.0	0.0	0.5	0.0	11.5	0.0	0.0	0.2	0.0	2.5	0.5	0.0	0.0	0.0	0.0	0.0	0.0	0.0	0.0	0.0	0.0	0.0	1.0	0.0	1.9	0.0	2.2	0.0	0.9	0.3	0.0
2010	1	0.0	1.4	0.0	14.2	0.0	0.0	0.0	0.0	0.4	0.0	0.0	0.0	0.0	0.0	0.3	0.0	0.0	0.0	3.0	7.0	0.5	0.0	0.0	0.0	0.0	0.0	2.5	0.0	0.0	0.0	0.0
2010	2	0.0	0.0	0.0	0.0	0.0	0.0	0.0	0.0	12.0	2.0	10.5	0.3	1.3	0.0	0.0	0.0	0.2	2.5	0.0	0.0	0.0	0.0	0.0	0.0	26.5	0.0	0.0	0.0
2010	3	17.0	0.0	0.0	1.5	0.3	0.0	0.0	0.0	14.0	7.1	0.0	0.0	0.0	7.0	12.5	0.0	1.0	0.0	0.0	0.2	0.0	9.9	0.0	0.0	2.5	0.0	0.0	0.0	0.0	0.0	9.5
2010	4	1.0	0.0	0.0	0.0	0.0	0.0	0.0	0.0	0.0	0.0	0.1	7.0	1.0	0.0	0.0	0.0	0.0	0.0	0.2	0.0	4.0	4.5	4.0	0.0	0.0	27.0	4.5	9.5	0.0	0.0
2010	5	0.0	0.0	0.0	0.0	0.0	18.0	0.0	0.0	0.0	0.1	0.4	0.0	0.0	0.0	0.0	0.0	1.0	59.0	0.5	0.0	0.0	5.5	21.5	15.5	0.5	0.5	0.0	0.0	0.0	0.0	1.5
2010	6	0.0	0.0	0.0	0.0	0.0	0.0	0.2	0.0	0.0	0.0	0.0	71.0	18.0	10.5	0.0	0.5	0.0	0.4	4.5	0.0	0.0	0.0	0.0	0.0	0.0	3.5	9.5	0.0	0.0	9.5
2010	7	0.0	58.0	5.5	0.0	0.0	0.0	0.0	0.1	0.5	0.0	0.5	0.0	1.5	1.0	0.0	57.0	89.5	2.0	0.0	0.0	0.0	0.5	4.5	1.0	0.5	16.5	0.0	0.0	0.5	0.1	0.0
2010	8	0.0	25.0	0.0	16.5	0.5	3.5	83.5	0.0	0.0	24.5	2.5	5.5	62.0	7.0	49.5	0.1	0.0	19.5	0.0	0.5	0.0	0.1	21.0	9.5	50.5	10.0	92.5	12.5	99.0	1.5	2.0
2010	9	14.5	37.0	3.0	0.0	49.5	0.0	0.0	0.0	90.5	74.5	68.5	15.5	0.0	0.0	0.0	0.0	0.0	0.0	17.5	25.5	259.5	0.5	0.0	0.0	0.0	0.0	15.5	0.0	0.0	0.0
2010	10	0.0	15.0	7.0	3.0	0.0	0.0	0.0	0.0	0.0	0.0	0.0	0.1	0.0	0.5	0.0	0.0	0.0	0.0	0.0	0.0	0.0	0.0	0.0	0.0	0.0	0.0	0.0	0.0	0.0	0.0	0.0
2010	11	0.0	0.0	0.0	0.0	0.0	0.0	2.0	0.5	0.0	0.0	1.0	0.4	0.0	0.0	0.0	0.0	0.0	0.0	0.0	0.0	0.0	5.0	0.0	0.0	0.0	0.0	1.0	1.0	0.0	0.0
2010	12	0.0	0.3	0.0	0.0	0.0	0.0	0.0	2.5	0.0	1.5	0.0	0.0	0.0	0.0	0.0	0.0	1.4	0.0	0.4	0.0	0.0	0.0	0.0	0.0	0.0	0.0	0.2	6.0	0.1	3.7	0.0
2011	1	0.0	0.0	0.0	0.0	0.0	0.0	0.0	0.2	0.0	0.0	1.9	0.0	0.0	1.1	0.0	0.0	0.0	0.0	0.0	0.0	0.0	0.4	5.3	0.0	0.0	0.0	0.0	0.0	0.0	0.0	0.0
2011	2	0.0	0.0	0.0	0.0	0.0	0.0	0.0	0.0	0.0	0.0	0.0	0.0	0.0	0.0	0.0	0.0	0.1	0.0	0.0	0.0	0.0	0.0	0.0	0.0	0.0	0.0	28.5	0.5
2011	3	2.3	0.0	0.0	0.0	0.0	0.0	0.0	0.0	0.0	0.0	0.0	0.0	0.0	0.0	0.0	0.0	0.0	0.0	0.0	5.0	0.0	0.0	0.0	5.8	0.0	0.0	0.0	1.5	0.0	0.0	0.0
2011	4	0.0	0.0	0.0	0.0	0.0	0.0	7.0	0.0	0.0	1.5	0.0	0.0	0.0	0.0	0.1	0.0	0.0	2.0	0.0	0.0	0.0	19.0	0.0	0.0	0.0	2.5	5.0	0.0	4.0	69.0
2011	5	0.0	0.0	0.0	0.0	0.0	0.5	3.5	0.0	4.0	6.5	14.0	0.0	0.0	0.0	0.0	0.0	0.0	0.0	0.4	15.0	2.0	0.0	0.0	0.0	0.0	0.0	0.0	0.0	0.0	0.0	7.5
2011	6	21.5	0.0	0.0	0.5	0.0	0.0	0.0	1.5	0.0	0.0	0.0	0.0	0.5	0.0	1.0	0.0	0.0	0.0	0.0	0.0	0.0	16.0	41.0	10.5	37.0	40.0	11.5	0.5	177.0	46.0
2011	7	0.0	0.0	115.0	0.0	0.0	0.0	42.5	13.0	15.0	6.0	42.5	51.5	29.0	38.0	15.0	54.5	1.0	0.0	0.0	0.0	0.0	1.5	3.0	8.0	27.5	171.0	301.5	57.5
